9.857169985771179199e-01
-7.450690865516662598e-01
-1.278149634599685669e-01
-1.040669530630111694e-01
-4.791767597198486328e-01
9.460558295249938965e-01
9.955396652221679688e-01
-8.269805312156677246e-01
-2.900882959365844727e-01
-9.980458021163940430e-01
1.569882035255432129e-01
-9.885973334312438965e-01
-9.990257024765014648e-01
-4.368821084499359131e-01
-1.480534821748733521e-01
-2.033611387014389038e-01
4.336533695459365845e-02
2.921797931194305420e-01
-4.527664482593536377e-01
2.823952138423919678e-01
3.509941697120666504e-02
-3.102908432483673096e-01
1.058099120855331421e-01
9.074757099151611328e-01
9.641997218132019043e-01
8.919258117675781250e-01
-7.414674013853073120e-02
-2.139959931373596191e-01
5.402513742446899414e-01
-1.693735867738723755e-01
9.723115563392639160e-01
-7.415501028299331665e-02
1.771125942468643188e-01
1.074092611670494080e-01
-9.790881872177124023e-01
-1.201833784580230713e-01
6.226960569620132446e-02
-1.759422756731510162e-02
9.968531727790832520e-01
-1.660436838865280151e-01
-1.450873166322708130e-01
5.208516493439674377e-03
-2.748348750174045563e-02
-9.961369633674621582e-01
-2.481093555688858032e-01
-4.980598688125610352e-01
-9.834541082382202148e-01
-9.123094379901885986e-02
3.331542611122131348e-01
-3.916011750698089600e-01
9.940662384033203125e-01
-2.423968911170959473e-01
9.936342239379882812e-01
-2.709577679634094238e-01
2.004709467291831970e-02
3.116523325443267822e-01
-2.193270623683929443e-02
-4.912080168724060059e-01
-9.999746680259704590e-01
-9.620292186737060547e-01
-7.139822840690612793e-02
-9.610711783170700073e-02
6.193745136260986328e-01
1.780694276094436646e-01
1.953637003898620605e-01
-9.897434115409851074e-01
9.961993098258972168e-01
3.175635933876037598e-01
-3.922046720981597900e-01
9.439431428909301758e-01
9.922844171524047852e-01
9.994633793830871582e-01
-1.851111203432083130e-01
-6.430598497390747070e-01
-7.979184389114379883e-01
-2.182632125914096832e-02
3.065061867237091064e-01
9.858469367027282715e-01
2.464303821325302124e-01
8.473548293113708496e-02
-9.899281263351440430e-01
1.000946238636970520e-01
9.860722422599792480e-01
5.622523836791515350e-03
9.095953702926635742e-01
-8.220373988151550293e-01
1.510685682296752930e-01
1.414190679788589478e-01
-1.830771118402481079e-01
2.387612313032150269e-01
-9.834119677543640137e-01
2.872361242771148682e-01
3.969665169715881348e-01
-9.453967213630676270e-01
-9.950244426727294922e-01
7.953368425369262695e-01
9.240908026695251465e-01
-1.819636672735214233e-01
-8.191875219345092773e-01
4.055237397551536560e-03
-8.713127970695495605e-01
-9.864429235458374023e-01
-9.889609813690185547e-01
-1.793084293603897095e-02
-1.555280387401580811e-01
-2.569526433944702148e-01
9.614149332046508789e-01
8.828842639923095703e-02
-1.971603333950042725e-01
-9.296175241470336914e-01
-1.971390247344970703e-01
-1.069262847304344177e-01
9.254457354545593262e-01
-9.838934540748596191e-01
3.995941206812858582e-02
3.637968301773071289e-01
-6.502483487129211426e-01
9.964475631713867188e-01
-2.524037472903728485e-02
9.806275963783264160e-01
-9.001736044883728027e-01
-2.910756738856434822e-03
-9.927376508712768555e-01
2.402231562882661819e-03
-1.319258064031600952e-01
-3.329485952854156494e-01
-6.488104462623596191e-01
-1.832146495580673218e-01
2.740054391324520111e-02
-2.223392724990844727e-01
9.895731806755065918e-01
8.642438650131225586e-01
9.924027919769287109e-01
-7.819809019565582275e-02
3.131471276283264160e-01
-7.685068845748901367e-01
9.952954649925231934e-01
-9.926772713661193848e-01
-9.791585803031921387e-01
3.477893769741058350e-01
9.984803795814514160e-01
8.321408927440643311e-02
-3.800259828567504883e-01
3.467930257320404053e-01
4.877809435129165649e-02
9.917070269584655762e-01
-8.480193614959716797e-01
9.953801631927490234e-01
-9.931938052177429199e-01
-3.749212026596069336e-01
-6.188781261444091797e-01
7.364469580352306366e-03
9.858742952346801758e-01
-2.500118911266326904e-01
2.645183801651000977e-01
-2.972551621496677399e-03
8.799586296081542969e-01
5.779669284820556641e-01
2.267359793186187744e-01
1.594893485307693481e-01
-2.067867368459701538e-01
-1.680995076894760132e-01
-1.035182327032089233e-01
-2.788048088550567627e-01
9.999981522560119629e-01
5.755649507045745850e-02
-3.946358561515808105e-01
-3.221100568771362305e-01
9.361578226089477539e-01
9.093874096870422363e-01
2.584934532642364502e-01
-9.030178189277648926e-01
-9.913697242736816406e-01
4.647753238677978516e-01
4.773469567298889160e-01
3.148847818374633789e-01
-1.471055150032043457e-01
6.893568485975265503e-02
9.805530309677124023e-01
9.468181729316711426e-01
9.848923087120056152e-01
-7.167798280715942383e-02
9.761319160461425781e-01
3.689602315425872803e-01
5.237924456596374512e-01
-5.997834205627441406e-01
-9.965617060661315918e-01
-6.815473437309265137e-01
4.147543609142303467e-01
7.232986092567443848e-01
9.617771506309509277e-01
-7.293286919593811035e-01
2.443075925111770630e-01
-3.169810473918914795e-01
9.827238917350769043e-01
-1.720799654722213745e-01
-8.661255836486816406e-01
-9.460986852645874023e-01
1.291304975748062134e-01
3.326963484287261963e-01
3.755057156085968018e-01
-3.445540368556976318e-01
-9.638239145278930664e-01
8.737759292125701904e-02
-4.222121834754943848e-01
9.988148808479309082e-01
-4.123594611883163452e-02
9.802128672599792480e-01
9.988617897033691406e-01
-8.795818686485290527e-02
8.556581735610961914e-01
9.776868820190429688e-01
-5.946931615471839905e-02
1.407788246870040894e-01
9.866138696670532227e-01
-9.592782258987426758e-01
-9.491258859634399414e-01
2.727500498294830322e-01
3.989851176738739014e-01
3.205944299697875977e-01
-9.941746592521667480e-01
-5.110241174697875977e-01
-9.735931158065795898e-01
1.532085388898849487e-01
-6.454454064369201660e-01
-1.492756903171539307e-01
-9.894327521324157715e-01
-1.535702645778656006e-01
1.016264334321022034e-01
9.937071204185485840e-01
-1.352611333131790161e-01
1.339294463396072388e-01
5.742287635803222656e-02
2.743564546108245850e-01
9.627721309661865234e-01
1.768077351152896881e-02
-4.612705707550048828e-01
1.228858307003974915e-01
3.619002997875213623e-01
3.204645216464996338e-01
5.706422924995422363e-01
9.999331235885620117e-01
-1.581247299909591675e-01
9.942350387573242188e-01
-2.571433782577514648e-01
3.749349117279052734e-01
9.764362573623657227e-01
2.862202525138854980e-01
9.766981005668640137e-01
-2.815736830234527588e-01
-1.131695974618196487e-02
-2.742725610733032227e-01
-1.062939241528511047e-01
2.278020828962326050e-01
9.998877048492431641e-01
-2.211150676012039185e-01
-4.650515317916870117e-02
-9.990132451057434082e-01
1.717333495616912842e-01
3.993037045001983643e-01
-6.169511675834655762e-01
-9.984416961669921875e-01
-3.805001676082611084e-01
-2.913495600223541260e-01
5.402388796210289001e-02
7.272951602935791016e-01
9.968523383140563965e-01
-4.484041631221771240e-01
3.427586853504180908e-01
-2.098837196826934814e-01
9.567831754684448242e-01
7.428002543747425079e-03
-9.883620738983154297e-01
9.999759197235107422e-01
-3.505024313926696777e-01
-8.359605669975280762e-01
7.878193855285644531e-01
1.840055435895919800e-01
-4.248964786529541016e-01
-6.747516803443431854e-03
-9.262921214103698730e-01
-9.733102321624755859e-01
5.643025636672973633e-01
9.999005198478698730e-01
8.022134900093078613e-01
-1.136188805103302002e-01
3.891531229019165039e-01
2.971375882625579834e-01
-9.984921216964721680e-01
-9.978052377700805664e-01
-2.408419102430343628e-01
4.357770383358001709e-01
4.554140269756317139e-01
9.885674118995666504e-01
9.971449375152587891e-01
-9.936678409576416016e-01
2.897261269390583038e-02
6.273309588432312012e-01
-9.875347465276718140e-02
9.989504218101501465e-01
9.996586441993713379e-01
-9.969112277030944824e-01
-3.763760626316070557e-02
9.997670054435729980e-01
-4.398333430290222168e-01
1.015877425670623779e-01
-1.160079166293144226e-01
8.949436545372009277e-01
-9.483099579811096191e-01
2.740656137466430664e-01
-5.431835073977708817e-03
-6.489886641502380371e-01
1.162701472640037537e-01
5.045244097709655762e-01
9.860435724258422852e-01
2.318690568208694458e-01
3.384632468223571777e-01
1.201208010315895081e-01
1.599760800600051880e-01
9.995904564857482910e-01
-2.918826341629028320e-01
-2.648638188838958740e-01
3.576965257525444031e-02
-7.286631464958190918e-01
9.635928086936473846e-03
-8.714631944894790649e-02
-7.624353170394897461e-01
8.631622791290283203e-01
-7.819403409957885742e-01
9.233266711235046387e-01
8.026183843612670898e-01
-3.063983619213104248e-01
-1.540906578302383423e-01
8.778132796287536621e-01
4.366246983408927917e-02
7.716014981269836426e-02
-1.530715171247720718e-02
-3.231594339013099670e-02
1.666311919689178467e-01
1.737755089998245239e-01
9.510701298713684082e-01
-2.894648313522338867e-01
-3.265910446643829346e-01
9.697749018669128418e-01
-8.611947298049926758e-01
5.310573577880859375e-01
3.130067884922027588e-01
9.715806841850280762e-01
2.121106684207916260e-01
9.970373511314392090e-01
4.771462827920913696e-02
2.083018571138381958e-01
3.955858945846557617e-01
1.692630946636199951e-01
2.696636617183685303e-01
-2.012562192976474762e-02
-9.782681465148925781e-01
-1.498977392911911011e-01
-1.172211617231369019e-01
2.302873507142066956e-02
-8.535103797912597656e-01
9.967371076345443726e-02
-3.009985387325286865e-01
-1.522267460823059082e-01
-1.869415119290351868e-02
-9.663207530975341797e-01
-8.175059407949447632e-02
2.937680780887603760e-01
3.877354562282562256e-01
2.693984508514404297e-01
-1.799552515149116516e-02
7.871423959732055664e-01
-3.326656818389892578e-01
-1.709590554237365723e-01
8.339636325836181641e-01
-9.989137649536132812e-01
3.861096873879432678e-02
-1.799032241106033325e-01
-6.080922484397888184e-02
-3.087191283702850342e-01
9.611730575561523438e-01
3.168153464794158936e-01
-9.933039546012878418e-01
2.072717249393463135e-01
9.832336902618408203e-01
-5.899581313133239746e-01
1.211528480052947998e-01
-2.656784951686859131e-01
5.903746560215950012e-02
-8.850575238466262817e-02
3.331340476870536804e-02
3.850324153900146484e-01
-9.999150633811950684e-01
1.838890463113784790e-01
-7.635689526796340942e-02
-2.892344892024993896e-01
-1.140791550278663635e-01
-1.134761199355125427e-01
9.261022806167602539e-01
-1.949422657489776611e-01
1.806109547615051270e-01
-7.624731659889221191e-01
-9.784080386161804199e-01
-2.156653702259063721e-01
9.904398322105407715e-01
-3.462612256407737732e-02
7.248685359954833984e-01
2.147951424121856689e-01
-2.423136029392480850e-03
-7.820280194282531738e-01
9.726614952087402344e-01
5.312761664390563965e-01
-9.936654567718505859e-01
9.462301433086395264e-02
-9.994287490844726562e-01
3.642159104347229004e-01
9.030202776193618774e-02
-8.587195277214050293e-01
-3.675801455974578857e-01
-9.944795966148376465e-01
-8.543316274881362915e-02
8.976059556007385254e-01
-1.199986934661865234e-01
9.579997062683105469e-01
2.891826927661895752e-01
-9.252509474754333496e-01
-4.705780148506164551e-01
8.443326503038406372e-02
-1.278493553400039673e-01
-2.491821348667144775e-01
1.973594129085540771e-01
-1.902395188808441162e-01
9.780126810073852539e-01
-9.997337460517883301e-01
-9.528313279151916504e-01
4.228030741214752197e-01
-9.547777771949768066e-01
3.266311436891555786e-02
-8.401567488908767700e-02
3.250135108828544617e-03
7.532708346843719482e-02
-9.299151897430419922e-01
1.790136545896530151e-01
2.144775837659835815e-01
-9.806903004646301270e-01
-9.579015970230102539e-01
-7.925791740417480469e-01
3.062711954116821289e-01
-4.401492699980735779e-02
1.883472949266433716e-01
7.379586249589920044e-02
9.601789712905883789e-02
7.004594802856445312e-02
9.597696661949157715e-01
3.809160888195037842e-01
9.964563846588134766e-01
1.356480121612548828e-01
-2.870198190212249756e-01
3.752050697803497314e-01
9.764776229858398438e-01
2.859672307968139648e-01
1.857237666845321655e-01
-9.997684359550476074e-01
2.514017522335052490e-01
8.781111240386962891e-01
9.940532445907592773e-01
7.743898630142211914e-01
9.986444711685180664e-01
-9.840586781501770020e-01
6.775289773941040039e-02
1.568011357448995113e-03
-2.542186677455902100e-01
1.902702152729034424e-01
-1.005065292119979858e-01
3.889552950859069824e-01
-9.994489550590515137e-01
-9.910898804664611816e-01
-1.809801161289215088e-01
-9.882761836051940918e-01
9.708623886108398438e-01
3.250040709972381592e-01
1.084305942058563232e-01
3.535123169422149658e-01
4.800606667995452881e-01
1.347017139196395874e-01
-9.994291663169860840e-01
-9.970687031745910645e-01
-2.672116756439208984e-01
-2.904678583145141602e-01
-4.387102648615837097e-02
-1.270026713609695435e-01
-9.972835183143615723e-01
-9.657241702079772949e-01
9.843512177467346191e-01
3.146817386150360107e-01
-3.070847690105438232e-01
-6.902791559696197510e-02
3.578875958919525146e-01
-7.482321262359619141e-01
9.993449449539184570e-01
-6.822116672992706299e-02
-2.704714536666870117e-01
-4.031214118003845215e-01
-6.643147021532058716e-02
1.031952351331710815e-02
-6.341128945350646973e-01
9.756395220756530762e-01
-9.962863326072692871e-01
-5.721788480877876282e-02
1.436277180910110474e-01
-3.600782752037048340e-01
-2.414467185735702515e-01
