9.856820106506347656e-01
-7.410401105880737305e-01
-1.238619163632392883e-01
-1.009212359786033630e-01
-4.799599945545196533e-01
9.459576010704040527e-01
9.955312013626098633e-01
-8.255226612091064453e-01
-2.885262072086334229e-01
-9.980329871177673340e-01
1.530456691980361938e-01
-9.884963631629943848e-01
-9.990811347961425781e-01
-4.472350180149078369e-01
-1.485822796821594238e-01
-1.974140703678131104e-01
4.634785279631614685e-02
2.933850288391113281e-01
-4.523964822292327881e-01
2.795681953430175781e-01
3.222396597266197205e-02
-3.099895119667053223e-01
1.005529910326004028e-01
9.080586433410644531e-01
9.637751579284667969e-01
8.893532156944274902e-01
-7.857824116945266724e-02
-2.127119749784469604e-01
5.360086560249328613e-01
-1.748125255107879639e-01
9.720104336738586426e-01
-7.347635179758071899e-02
1.748188585042953491e-01
1.092956811189651489e-01
-9.791241288185119629e-01
-1.190613955259323120e-01
5.899054929614067078e-02
-1.854607462882995605e-02
9.968135952949523926e-01
-1.649275720119476318e-01
-1.435450017452239990e-01
5.786453839391469955e-03
-2.288852445781230927e-02
-9.960068464279174805e-01
-2.472860813140869141e-01
-5.021246671676635742e-01
-9.834237694740295410e-01
-8.691827207803726196e-02
3.357167840003967285e-01
-3.959445655345916748e-01
9.939459562301635742e-01
-2.396990507841110229e-01
9.935291409492492676e-01
-2.714757323265075684e-01
1.424394547939300537e-02
3.110102117061614990e-01
-1.921608112752437592e-02
-4.880157709121704102e-01
-9.999947547912597656e-01
-9.613344073295593262e-01
-7.494881004095077515e-02
-1.010720357298851013e-01
6.152104139328002930e-01
1.794422119855880737e-01
2.013673037290573120e-01
-9.898784160614013672e-01
9.961946010589599609e-01
3.155859410762786865e-01
-3.934996426105499268e-01
9.441143274307250977e-01
9.921886324882507324e-01
9.995159506797790527e-01
-1.791511327028274536e-01
-6.469025015830993652e-01
-7.966697812080383301e-01
-2.351845428347587585e-02
3.052210807800292969e-01
9.855309724807739258e-01
2.483933866024017334e-01
8.291775733232498169e-02
-9.898570775985717773e-01
9.967847913503646851e-02
9.871413707733154297e-01
9.425529278814792633e-03
9.082853198051452637e-01
-8.202729821205139160e-01
1.505602151155471802e-01
1.409542560577392578e-01
-1.816225349903106689e-01
2.387105822563171387e-01
-9.832433462142944336e-01
2.889670729637145996e-01
3.985193073749542236e-01
-9.454159140586853027e-01
-9.950739741325378418e-01
7.925839424133300781e-01
9.230343103408813477e-01
-1.845863461494445801e-01
-8.159978985786437988e-01
8.759723976254463196e-03
-8.697338104248046875e-01
-9.865550994873046875e-01
-9.887615442276000977e-01
-1.628234796226024628e-02
-1.541954874992370605e-01
-2.531355023384094238e-01
9.614177942276000977e-01
8.746229857206344604e-02
-1.971451193094253540e-01
-9.279686212539672852e-01
-1.992029547691345215e-01
-1.020169630646705627e-01
9.253641366958618164e-01
-9.836881160736083984e-01
3.970575705170631409e-02
3.594259023666381836e-01
-6.481693387031555176e-01
9.963955283164978027e-01
-2.124063856899738312e-02
9.803665280342102051e-01
-9.009808301925659180e-01
1.992439152672886848e-03
-9.926221966743469238e-01
5.875759758055210114e-03
-1.298926323652267456e-01
-3.302995562553405762e-01
-6.456517577171325684e-01
-1.850001662969589233e-01
2.550302632153034210e-02
-2.199283838272094727e-01
9.896461963653564453e-01
8.644780516624450684e-01
9.923725128173828125e-01
-8.019835501909255981e-02
3.143292069435119629e-01
-7.738649249076843262e-01
9.952142238616943359e-01
-9.926503300666809082e-01
-9.792881608009338379e-01
3.448980152606964111e-01
9.985111951828002930e-01
8.372071385383605957e-02
-3.793253898620605469e-01
3.491374552249908447e-01
4.846939072012901306e-02
9.916611313819885254e-01
-8.460516333580017090e-01
9.953425526618957520e-01
-9.935499429702758789e-01
-3.716752529144287109e-01
-6.162359714508056641e-01
3.893872024491429329e-03
9.855639338493347168e-01
-2.514023184776306152e-01
2.673006653785705566e-01
-5.775076802819967270e-03
8.800930976867675781e-01
5.745695233345031738e-01
2.273605018854141235e-01
1.612688153982162476e-01
-2.043491452932357788e-01
-1.630663126707077026e-01
-1.041778028011322021e-01
-2.837906479835510254e-01
9.999998807907104492e-01
5.338932201266288757e-02
-3.948820233345031738e-01
-3.230680227279663086e-01
9.351845383644104004e-01
9.076923727989196777e-01
2.581311762332916260e-01
-9.055028557777404785e-01
-9.915338158607482910e-01
4.660615324974060059e-01
4.732499718666076660e-01
3.190265893936157227e-01
-1.436460763216018677e-01
6.661815196275711060e-02
9.803891181945800781e-01
9.464098215103149414e-01
9.847874045372009277e-01
-7.126875966787338257e-02
9.756740927696228027e-01
3.729980885982513428e-01
5.299940109252929688e-01
-5.954370498657226562e-01
-9.965642094612121582e-01
-6.745158433914184570e-01
4.145247340202331543e-01
7.259091138839721680e-01
9.616689682006835938e-01
-7.252058386802673340e-01
2.352214306592941284e-01
-3.194036781787872314e-01
9.827414751052856445e-01
-1.753634810447692871e-01
-8.642947673797607422e-01
-9.452964663505554199e-01
1.231111586093902588e-01
3.319639265537261963e-01
3.787438273429870605e-01
-3.420406877994537354e-01
-9.649803042411804199e-01
9.024529159069061279e-02
-4.259261190891265869e-01
9.988344311714172363e-01
-4.278726130723953247e-02
9.800174236297607422e-01
9.988613724708557129e-01
-8.415761590003967285e-02
8.547880649566650391e-01
9.774621725082397461e-01
-5.763707309961318970e-02
1.427991241216659546e-01
9.865388870239257812e-01
-9.585099816322326660e-01
-9.486553668975830078e-01
2.751910090446472168e-01
3.918661773204803467e-01
3.198639154434204102e-01
-9.941853284835815430e-01
-5.072075724601745605e-01
-9.733667373657226562e-01
1.536072343587875366e-01
-6.407595276832580566e-01
-1.343777626752853394e-01
-9.893640875816345215e-01
-1.518723964691162109e-01
1.004644259810447693e-01
9.935816526412963867e-01
-1.379573643207550049e-01
1.377298980951309204e-01
6.022163107991218567e-02
2.734029591083526611e-01
9.624309539794921875e-01
1.678688079118728638e-02
-4.665656089782714844e-01
1.241388618946075439e-01
3.601362705230712891e-01
3.179387152194976807e-01
5.653564929962158203e-01
9.999788999557495117e-01
-1.510894745588302612e-01
9.941269159317016602e-01
-2.607395946979522705e-01
3.726666271686553955e-01
9.760993123054504395e-01
2.811000943183898926e-01
9.770461916923522949e-01
-2.783954143524169922e-01
-7.790183182805776596e-03
-2.756082117557525635e-01
-1.021366193890571594e-01
2.275018990039825439e-01
9.999319314956665039e-01
-2.215207666158676147e-01
-4.535725712776184082e-02
-9.990221858024597168e-01
1.675971001386642456e-01
3.975485861301422119e-01
-6.163377165794372559e-01
-9.984668493270874023e-01
-3.773676753044128418e-01
-2.951919138431549072e-01
5.299530178308486938e-02
7.229486703872680664e-01
9.968444705009460449e-01
-4.442243278026580811e-01
3.383343815803527832e-01
-2.026431560516357422e-01
9.560226798057556152e-01
9.411417879164218903e-03
-9.881976246833801270e-01
9.999972581863403320e-01
-3.480996787548065186e-01
-8.344641327857971191e-01
7.905591130256652832e-01
1.836569607257843018e-01
-4.179940819740295410e-01
-1.063701044768095016e-02
-9.291579723358154297e-01
-9.729849696159362793e-01
5.582823157310485840e-01
9.999650716781616211e-01
8.004645705223083496e-01
-1.128258332610130310e-01
3.896157741546630859e-01
2.948758602142333984e-01
-9.984989762306213379e-01
-9.978424906730651855e-01
-2.516448199748992920e-01
4.339132010936737061e-01
4.600769877433776855e-01
9.884125590324401855e-01
9.971330165863037109e-01
-9.936143755912780762e-01
2.532812580466270447e-02
6.240425705909729004e-01
-9.618041664361953735e-02
9.989512562751770020e-01
9.997112154960632324e-01
-9.969468116760253906e-01
-3.775287047028541565e-02
9.998288154602050781e-01
-4.396037459373474121e-01
1.008651331067085266e-01
-1.213382184505462646e-01
8.932827711105346680e-01
-9.474613070487976074e-01
2.692118585109710693e-01
-3.934751264750957489e-03
-6.447868943214416504e-01
1.160640791058540344e-01
5.112113356590270996e-01
9.860854148864746094e-01
2.290836572647094727e-01
3.391953110694885254e-01
1.232955604791641235e-01
1.604849547147750854e-01
9.996194839477539062e-01
-2.911572456359863281e-01
-2.682662010192871094e-01
4.372305795550346375e-02
-7.233302593231201172e-01
7.584901992231607437e-03
-8.962050080299377441e-02
-7.574419379234313965e-01
8.619841337203979492e-01
-7.787716388702392578e-01
9.286695122718811035e-01
8.007543683052062988e-01
-3.027574419975280762e-01
-1.584501117467880249e-01
8.775992989540100098e-01
4.472185671329498291e-02
8.055333793163299561e-02
-1.943742856383323669e-02
-3.603587672114372253e-02
1.674785166978836060e-01
1.734993457794189453e-01
9.509518146514892578e-01
-2.846951782703399658e-01
-3.309633135795593262e-01
9.694072008132934570e-01
-8.591101169586181641e-01
5.276743173599243164e-01
3.106934428215026855e-01
9.714196324348449707e-01
2.225247025489807129e-01
9.969817996025085449e-01
4.362918063998222351e-02
2.053356021642684937e-01
3.992504179477691650e-01
1.667546778917312622e-01
2.621862292289733887e-01
-1.972483843564987183e-02
-9.788843989372253418e-01
-1.484199762344360352e-01
-1.183519661426544189e-01
2.594022639095783234e-02
-8.515177369117736816e-01
1.035892218351364136e-01
-3.009168505668640137e-01
-1.487914621829986572e-01
-1.396774686872959137e-02
-9.662880897521972656e-01
-7.440836727619171143e-02
2.978922128677368164e-01
3.884778022766113281e-01
2.716607153415679932e-01
-1.172405015677213669e-02
7.890586256980895996e-01
-3.295282721519470215e-01
-1.709971576929092407e-01
8.349550366401672363e-01
-9.989373087882995605e-01
4.126349091529846191e-02
-1.803409010171890259e-01
-5.843722075223922729e-02
-3.057695031166076660e-01
9.609599709510803223e-01
3.142594695091247559e-01
-9.932302236557006836e-01
2.100107073783874512e-01
9.830296635627746582e-01
-5.927621722221374512e-01
1.188238114118576050e-01
-2.646593451499938965e-01
5.505928397178649902e-02
-9.038687497377395630e-02
3.633810579776763916e-02
3.878960907459259033e-01
-9.999572038650512695e-01
1.886547952890396118e-01
-7.388420403003692627e-02
-2.879886031150817871e-01
-1.125892326235771179e-01
-1.132149472832679749e-01
9.249821901321411133e-01
-1.922076195478439331e-01
1.763407140970230103e-01
-7.730901241302490234e-01
-9.787077903747558594e-01
-2.116567492485046387e-01
9.902729392051696777e-01
-4.605697095394134521e-02
7.245076298713684082e-01
2.159709930419921875e-01
3.311369568109512329e-03
-7.811509966850280762e-01
9.723408818244934082e-01
5.338088274002075195e-01
-9.936121702194213867e-01
9.084096550941467285e-02
-9.994933605194091797e-01
3.658616244792938232e-01
9.287696331739425659e-02
-8.648926019668579102e-01
-3.656545281410217285e-01
-9.944162964820861816e-01
-9.138219803571701050e-02
8.987103104591369629e-01
-1.148770824074745178e-01
9.578330516815185547e-01
2.900607287883758545e-01
-9.239517450332641602e-01
-4.697097539901733398e-01
8.629297465085983276e-02
-1.266461312770843506e-01
-2.498387843370437622e-01
1.916736066341400146e-01
-1.973568350076675415e-01
9.776843786239624023e-01
-9.997725486755371094e-01
-9.534078240394592285e-01
4.181944727897644043e-01
-9.541904330253601074e-01
3.864730522036552429e-02
-8.387316763401031494e-02
-1.722671207971870899e-03
7.288403064012527466e-02
-9.288765788078308105e-01
1.741588711738586426e-01
2.108558863401412964e-01
-9.804593920707702637e-01
-9.583548903465270996e-01
-7.916320562362670898e-01
3.055118620395660400e-01
-4.227393493056297302e-02
1.898097395896911621e-01
7.402979582548141479e-02
9.405467659235000610e-02
6.714617460966110229e-02
9.600366950035095215e-01
3.778499960899353027e-01
9.964534640312194824e-01
1.354522258043289185e-01
-2.885225117206573486e-01
3.736482560634613037e-01
9.767041802406311035e-01
2.855339348316192627e-01
1.897404044866561890e-01
-9.998007416725158691e-01
2.506192326545715332e-01
8.764610886573791504e-01
9.939736723899841309e-01
7.706573605537414551e-01
9.986287951469421387e-01
-9.840932488441467285e-01
6.744521111249923706e-02
4.209317266941070557e-03
-2.487614750862121582e-01
1.884877979755401611e-01
-9.515450894832611084e-02
3.858924806118011475e-01
-9.994751214981079102e-01
-9.911772012710571289e-01
-1.803868263959884644e-01
-9.882630109786987305e-01
9.704268574714660645e-01
3.273474872112274170e-01
1.056624948978424072e-01
3.576045930385589600e-01
4.776699542999267578e-01
1.305624246597290039e-01
-9.994512796401977539e-01
-9.970667958259582520e-01
-2.706498205661773682e-01
-2.922834753990173340e-01
-4.591000080108642578e-02
-1.271588206291198730e-01
-9.972361326217651367e-01
-9.656944870948791504e-01
9.844425320625305176e-01
3.138679265975952148e-01
-3.035933673381805420e-01
-6.679934263229370117e-02
3.578753471374511719e-01
-7.462079524993896484e-01
9.994125962257385254e-01
-6.668659299612045288e-02
-2.703463435173034668e-01
-4.022146761417388916e-01
-6.368259340524673462e-02
1.209168694913387299e-02
-6.317570805549621582e-01
9.754946827888488770e-01
-9.962304830551147461e-01
-6.081518158316612244e-02
1.421231776475906372e-01
-3.551928400993347168e-01
-2.426000982522964478e-01
