9.654594659805297852e-01
-6.260357499122619629e-01
-1.451653987169265747e-01
-1.680971235036849976e-01
-4.278037250041961670e-01
9.243732690811157227e-01
9.955065250396728516e-01
-8.617824316024780273e-01
-2.382261306047439575e-01
-9.977786540985107422e-01
1.681151390075683594e-01
-9.807466864585876465e-01
-9.970260262489318848e-01
-6.482312679290771484e-01
-2.094461172819137573e-01
-2.625693082809448242e-01
6.463081389665603638e-02
9.669951349496841431e-02
-3.117750883102416992e-01
2.776428461074829102e-01
-9.770336328074336052e-04
-2.562279999256134033e-01
1.535943448543548584e-01
8.432107567787170410e-01
9.806248545646667480e-01
8.251723647117614746e-01
-2.260683774948120117e-01
-1.803945153951644897e-01
4.770247042179107666e-01
-2.487750500440597534e-01
9.448205828666687012e-01
-6.200614571571350098e-02
4.783514887094497681e-02
1.282599121332168579e-01
-9.552680253982543945e-01
-1.381367295980453491e-01
3.380479291081428528e-02
1.459986418485641479e-01
9.835133552551269531e-01
-4.346841573715209961e-02
-1.228211149573326111e-01
1.193745136260986328e-01
-2.501480281352996826e-02
-9.878364205360412598e-01
-2.192241996526718140e-01
-4.150478243827819824e-01
-9.933220148086547852e-01
-3.212621808052062988e-02
3.755951821804046631e-01
-3.220179378986358643e-01
9.832190275192260742e-01
-1.560767143964767456e-01
9.914615154266357422e-01
-1.618631482124328613e-01
-1.516411751508712769e-01
2.815346717834472656e-01
-2.244796603918075562e-02
-3.265876173973083496e-01
-9.999101161956787109e-01
-9.669449925422668457e-01
-6.641331594437360764e-03
-4.192890133708715439e-03
8.772177100181579590e-01
1.188766658306121826e-01
1.135909333825111389e-01
-9.897929430007934570e-01
9.932155013084411621e-01
3.767975270748138428e-01
-3.847823143005371094e-01
9.186978936195373535e-01
9.920920133590698242e-01
9.985945820808410645e-01
-2.877881228923797607e-01
-4.461339414119720459e-01
-7.541220784187316895e-01
-1.794119924306869507e-01
3.097976744174957275e-01
9.643622040748596191e-01
2.344202250242233276e-01
2.399236261844635010e-01
-9.950988292694091797e-01
1.934403777122497559e-01
9.787893295288085938e-01
-1.182986944913864136e-01
8.042767047882080078e-01
-7.101666927337646484e-01
4.686949029564857483e-02
-2.957468852400779724e-03
-6.351809203624725342e-02
2.212889045476913452e-01
-9.615002274513244629e-01
3.242117762565612793e-01
3.334517478942871094e-01
-9.090462327003479004e-01
-9.944826960563659668e-01
8.458493351936340332e-01
8.124714493751525879e-01
-1.104576438665390015e-01
-8.746001720428466797e-01
-2.165794186294078827e-02
-8.494969010353088379e-01
-9.840935468673706055e-01
-9.789048433303833008e-01
9.736692160367965698e-02
-1.000472307205200195e-01
-2.143177092075347900e-01
9.244202375411987305e-01
1.162832323461771011e-02
-1.488575041294097900e-01
-9.148708581924438477e-01
-9.874217957258224487e-02
-2.044990956783294678e-01
8.544768095016479492e-01
-9.499883651733398438e-01
7.046619057655334473e-02
2.348579168319702148e-01
-6.505222320556640625e-01
9.838685989379882812e-01
-1.306332796812057495e-01
9.939904212951660156e-01
-9.585912823677062988e-01
-4.559117555618286133e-02
-9.881062507629394531e-01
5.344963073730468750e-02
4.346960037946701050e-02
-2.229543328285217285e-01
-5.737155079841613770e-01
-3.238831460475921631e-02
8.836809545755386353e-02
-9.367380291223526001e-02
9.898847937583923340e-01
9.266962409019470215e-01
9.685734510421752930e-01
-1.443822383880615234e-01
2.549360096454620361e-01
-5.904939770698547363e-01
9.919928312301635742e-01
-9.860185980796813965e-01
-9.453421235084533691e-01
2.808938324451446533e-01
9.989866614341735840e-01
8.207188546657562256e-02
-2.347079366445541382e-01
1.630194038152694702e-01
-2.922119759023189545e-02
9.871956706047058105e-01
-9.141816496849060059e-01
9.943689703941345215e-01
-9.862474799156188965e-01
-2.938927114009857178e-01
-4.382345378398895264e-01
1.215644553303718567e-02
9.744683504104614258e-01
-4.279685020446777344e-02
8.991658687591552734e-02
2.574131265282630920e-02
8.171305656433105469e-01
5.539146065711975098e-01
2.723959982395172119e-01
2.700046822428703308e-02
-1.464150398969650269e-01
-2.444061040878295898e-01
-2.664279937744140625e-01
-1.791281104087829590e-01
9.999925494194030762e-01
1.477454304695129395e-01
-2.686721086502075195e-01
-1.797377467155456543e-01
9.426304101943969727e-01
8.991093635559082031e-01
3.031165301799774170e-01
-9.279345273971557617e-01
-9.626392126083374023e-01
4.653139114379882812e-01
6.543419361114501953e-01
1.498736888170242310e-01
1.093023419380187988e-01
-5.073758307844400406e-03
9.774855971336364746e-01
8.924912810325622559e-01
9.568116068840026855e-01
-6.521727889776229858e-03
9.914817810058593750e-01
3.658135235309600830e-01
5.413219332695007324e-01
-5.624165534973144531e-01
-9.888636469841003418e-01
-7.048359513282775879e-01
3.956947028636932373e-01
7.376162409782409668e-01
9.736758470535278320e-01
-5.627262592315673828e-01
2.256545796990394592e-02
-2.527047991752624512e-01
9.923052787780761719e-01
-6.555304676294326782e-02
-9.018602371215820312e-01
-8.881229162216186523e-01
4.719088599085807800e-02
2.692019939422607422e-01
2.690475881099700928e-01
-3.621809482574462891e-01
-9.614291191101074219e-01
-3.968035057187080383e-02
-3.666783869266510010e-01
9.959500432014465332e-01
1.448315531015396118e-01
9.725737571716308594e-01
9.969055652618408203e-01
-7.847129553556442261e-02
7.945305109024047852e-01
9.509129524230957031e-01
-2.474150359630584717e-01
9.989807754755020142e-02
9.716585278511047363e-01
-9.781352877616882324e-01
-8.749437332153320312e-01
4.006542265415191650e-01
2.656464278697967529e-01
3.655495047569274902e-01
-9.852839708328247070e-01
-4.998984336853027344e-01
-9.712483882904052734e-01
5.828562006354331970e-02
-4.240652024745941162e-01
-1.340063065290451050e-01
-9.803754091262817383e-01
-5.723764374852180481e-02
2.089488804340362549e-01
9.953590631484985352e-01
-1.418316662311553955e-01
2.201183587312698364e-01
2.314384840428829193e-02
8.755487203598022461e-02
9.485201239585876465e-01
9.572731703519821167e-02
-6.187927722930908203e-01
7.808525115251541138e-02
3.210314214229583740e-01
2.138496041297912598e-01
7.477174401283264160e-01
9.999160170555114746e-01
-2.204337269067764282e-01
9.942184090614318848e-01
-3.607631325721740723e-01
1.670712977647781372e-01
9.743736982345581055e-01
2.023313343524932861e-01
9.465165138244628906e-01
-3.007475733757019043e-01
4.681079462170600891e-02
-3.590270504355430603e-02
-2.091896533966064453e-02
1.482972502708435059e-01
9.997631311416625977e-01
-1.453109830617904663e-01
1.876308321952819824e-01
-9.912258982658386230e-01
2.127183973789215088e-01
4.228614270687103271e-01
-6.128535866737365723e-01
-9.931978583335876465e-01
-2.908035814762115479e-01
-2.914369106292724609e-01
6.617512553930282593e-02
8.700466752052307129e-01
9.952767491340637207e-01
-4.812369346618652344e-01
4.239471852779388428e-01
-3.181554973125457764e-01
9.266348481178283691e-01
2.881516702473163605e-02
-9.826606512069702148e-01
9.999127984046936035e-01
-2.673737704753875732e-01
-9.430893063545227051e-01
8.732281327247619629e-01
1.157403513789176941e-01
-4.706065356731414795e-01
8.026346564292907715e-02
-9.112789630889892578e-01
-9.879550933837890625e-01
5.364312529563903809e-01
9.997153878211975098e-01
8.394667506217956543e-01
-1.299780011177062988e-01
2.464291304349899292e-01
1.117154955863952637e-01
-9.976997971534729004e-01
-9.888555407524108887e-01
-3.803177475929260254e-01
3.635699748992919922e-01
2.825703322887420654e-01
9.733378291130065918e-01
9.907296299934387207e-01
-9.921126365661621094e-01
1.088642552495002747e-01
5.451779365539550781e-01
-1.014456972479820251e-01
9.984144568443298340e-01
9.992723464965820312e-01
-9.928125143051147461e-01
6.764383614063262939e-02
9.994110465049743652e-01
-3.358565270900726318e-01
6.993923336267471313e-02
-4.005996137857437134e-02
8.940808773040771484e-01
-9.410523176193237305e-01
2.219811975955963135e-01
1.276780515909194946e-01
-6.041423678398132324e-01
3.451704606413841248e-02
4.701109230518341064e-01
9.497452378273010254e-01
2.131525278091430664e-01
1.242357864975929260e-01
2.662696689367294312e-02
-2.724845893681049347e-02
9.993637800216674805e-01
-3.002477586269378662e-01
-1.066026166081428528e-01
-8.849275112152099609e-02
-7.414357662200927734e-01
-7.427137345075607300e-03
2.835960127413272858e-02
-6.053543686866760254e-01
8.535532355308532715e-01
-6.363827586174011230e-01
8.712838292121887207e-01
8.491707444190979004e-01
-3.596824109554290771e-01
-1.730658859014511108e-01
8.170664906501770020e-01
4.500857368111610413e-02
-1.830787770450115204e-02
-1.603927812539041042e-03
-3.768640756607055664e-01
1.362121999263763428e-01
8.732129633426666260e-02
9.410908818244934082e-01
-2.324376404285430908e-01
-1.713284999132156372e-01
9.837558865547180176e-01
-8.553198575973510742e-01
5.197437405586242676e-01
2.909666299819946289e-01
9.933764934539794922e-01
9.162770211696624756e-02
9.915941357612609863e-01
1.061062887310981750e-01
1.181198433041572571e-01
4.257761836051940918e-01
2.448097318410873413e-01
1.396097987890243530e-01
8.434759825468063354e-02
-9.558457732200622559e-01
-7.753520458936691284e-02
-2.108188718557357788e-02
1.361909601837396622e-02
-9.813383817672729492e-01
1.973985582590103149e-01
-1.742380410432815552e-01
-2.276203483343124390e-01
-1.493472456932067871e-01
-9.731851816177368164e-01
3.815482929348945618e-02
4.200263917446136475e-01
3.772610425949096680e-01
1.445361673831939697e-01
7.275480777025222778e-03
7.977789640426635742e-01
-2.190476655960083008e-01
-1.099363043904304504e-01
8.209930658340454102e-01
-9.977194070816040039e-01
8.217464387416839600e-02
-2.222495526075363159e-01
-1.021397206932306290e-02
-3.168462514877319336e-01
8.069071769714355469e-01
1.111465319991111755e-01
-9.886002540588378906e-01
1.235074177384376526e-01
9.888141751289367676e-01
-4.681861996650695801e-01
-3.878433629870414734e-02
-1.299553811550140381e-01
2.364977151155471802e-01
-5.812104418873786926e-02
-6.218214705586433411e-02
4.732955992221832275e-01
-9.996472597122192383e-01
8.637160807847976685e-02
-7.812388241291046143e-02
-1.346429586410522461e-01
-8.365580439567565918e-02
-1.022940948605537415e-01
8.665058016777038574e-01
-2.318808138370513916e-01
1.462108492851257324e-01
-7.932952046394348145e-01
-9.583433866500854492e-01
-1.069766730070114136e-01
9.931904077529907227e-01
1.074101589620113373e-02
6.797044873237609863e-01
2.074298411607742310e-01
-1.783711649477481842e-02
-8.375820517539978027e-01
9.467446208000183105e-01
6.191396713256835938e-01
-9.938631057739257812e-01
4.604205489158630371e-02
-9.977386593818664551e-01
2.429662048816680908e-01
6.221929099410772324e-03
-8.050064444541931152e-01
-2.907641828060150146e-01
-9.917185902595520020e-01
-6.291061639785766602e-02
9.321368932723999023e-01
3.646463528275489807e-02
9.426500797271728516e-01
2.040410637855529785e-01
-9.449970126152038574e-01
-3.731610476970672607e-01
3.533299779519438744e-03
-9.614218026399612427e-02
-2.837489545345306396e-01
7.165465503931045532e-02
-6.276695430278778076e-02
9.779702425003051758e-01
-9.992218613624572754e-01
-8.868458867073059082e-01
3.780644834041595459e-01
-9.431288838386535645e-01
-7.323876954615116119e-03
-2.493650652468204498e-03
1.175583973526954651e-01
-1.541766989976167679e-02
-9.165400266647338867e-01
2.449237406253814697e-01
1.247371211647987366e-01
-9.639303088188171387e-01
-8.920639157295227051e-01
-8.412852287292480469e-01
3.718679249286651611e-01
1.059551164507865906e-01
1.470695286989212036e-01
4.159626364707946777e-02
6.109043955802917480e-02
9.383560717105865479e-02
9.830245971679687500e-01
2.331445366144180298e-01
9.966337084770202637e-01
3.907343745231628418e-02
-3.340274393558502197e-01
3.139445483684539795e-01
9.734452366828918457e-01
6.842577457427978516e-02
-9.088465012609958649e-03
-9.996675848960876465e-01
1.102718412876129150e-01
7.512238025665283203e-01
9.899591207504272461e-01
7.312141060829162598e-01
9.972882866859436035e-01
-9.867625236511230469e-01
2.061256766319274902e-01
-3.164888918399810791e-02
-5.101379156112670898e-01
2.020648568868637085e-01
-5.451713502407073975e-02
3.178801238536834717e-01
-9.991794228553771973e-01
-9.929838776588439941e-01
-1.784717887639999390e-01
-9.835596680641174316e-01
9.023239612579345703e-01
1.405979245901107788e-01
5.663720890879631042e-02
8.227659016847610474e-02
3.861754238605499268e-01
1.070044636726379395e-01
-9.992260932922363281e-01
-9.869411587715148926e-01
-3.159409463405609131e-01
-3.273003697395324707e-01
1.798882037401199341e-01
-1.478653252124786377e-01
-9.989705085754394531e-01
-9.447399377822875977e-01
9.741048812866210938e-01
3.092181086540222168e-01
-1.479379534721374512e-01
-5.917068198323249817e-02
3.500352203845977783e-01
-7.413810491561889648e-01
9.994308948516845703e-01
6.528513878583908081e-02
-2.092143893241882324e-01
-3.694657981395721436e-01
-1.394282579421997070e-01
-5.649708583950996399e-02
-3.831366598606109619e-01
9.778447747230529785e-01
-9.870742559432983398e-01
5.152159929275512695e-02
8.860712498426437378e-02
-2.843922376632690430e-01
-8.470311015844345093e-02
