9.805532097816467285e-01
-5.593171715736389160e-01
-2.168139070272445679e-02
-1.389805506914854050e-02
-2.542612552642822266e-01
9.279350042343139648e-01
9.910353422164916992e-01
-9.493429660797119141e-01
-2.930441200733184814e-01
-9.964917302131652832e-01
1.961684674024581909e-01
-9.799556136131286621e-01
-9.898471236228942871e-01
-7.455636858940124512e-01
1.357605904340744019e-01
-1.794848740100860596e-01
6.560727953910827637e-02
1.097861230373382568e-01
-2.788580358028411865e-01
4.350823163986206055e-01
2.488245442509651184e-02
-2.724907994270324707e-01
-2.863897383213043213e-01
7.578411102294921875e-01
9.460292458534240723e-01
7.873365283012390137e-01
-1.863851100206375122e-01
-2.007948160171508789e-01
4.915359020233154297e-01
-1.871066391468048096e-01
9.639798998832702637e-01
4.027366638183593750e-02
2.122752517461776733e-01
5.434012413024902344e-02
-9.806901216506958008e-01
-4.488933086395263672e-02
2.072277665138244629e-02
-8.102995902299880981e-02
9.834343194961547852e-01
-3.685117885470390320e-02
-5.582449957728385925e-02
5.008985474705696106e-02
-1.040679588913917542e-01
-9.772598743438720703e-01
-1.978655308485031128e-01
-5.229158401489257812e-01
-9.963987469673156738e-01
-6.700621545314788818e-02
4.401116371154785156e-01
-3.118847906589508057e-01
9.959711432456970215e-01
-1.819579750299453735e-01
9.833267927169799805e-01
-1.838548928499221802e-01
-1.191133931279182434e-01
3.000148832798004150e-01
-3.734938427805900574e-02
-4.139939248561859131e-01
-9.998826980590820312e-01
-9.915241599082946777e-01
2.936421148478984833e-02
7.001747842878103256e-03
9.317834973335266113e-01
1.303358525037765503e-01
-3.185093402862548828e-03
-9.588387012481689453e-01
9.954048395156860352e-01
2.621169090270996094e-01
-4.170593917369842529e-01
9.227529168128967285e-01
9.825604557991027832e-01
9.906492233276367188e-01
-2.316233962774276733e-01
-5.108292698860168457e-01
-8.057448267936706543e-01
-6.211942434310913086e-02
2.827046811580657959e-01
9.677873849868774414e-01
8.842274546623229980e-02
1.277610361576080322e-01
-9.965845942497253418e-01
1.752575337886810303e-01
9.780267477035522461e-01
1.497293356806039810e-02
8.343880772590637207e-01
-6.081470251083374023e-01
2.036417427007108927e-04
1.862287372350692749e-01
-1.944828480482101440e-01
2.596865296363830566e-01
-9.424630403518676758e-01
2.809642255306243896e-01
3.712751269340515137e-01
-9.182857871055603027e-01
-9.799955487251281738e-01
8.026418685913085938e-01
5.385870933532714844e-01
-1.077856868505477905e-01
-8.265037536621093750e-01
-1.894661635160446167e-01
-8.760135769844055176e-01
-9.821541309356689453e-01
-9.808732867240905762e-01
1.074848100543022156e-01
-2.043239176273345947e-01
-1.878543645143508911e-01
9.629896283149719238e-01
-1.661405116319656372e-01
-5.796435847878456116e-02
-8.919522166252136230e-01
-3.515155985951423645e-02
-7.833147048950195312e-02
9.712358713150024414e-01
-9.310349225997924805e-01
-1.213670708239078522e-02
3.195312023162841797e-01
-4.742408394813537598e-01
9.768821001052856445e-01
-4.454830661416053772e-02
9.968597888946533203e-01
-9.730668067932128906e-01
-8.957925438880920410e-02
-9.762535095214843750e-01
-1.001328006386756897e-01
-9.177960455417633057e-02
-1.544060409069061279e-01
-3.980126976966857910e-01
-2.026390731334686279e-01
5.995817482471466064e-02
-6.274155527353286743e-02
9.865418672561645508e-01
8.590773344039916992e-01
9.170416593551635742e-01
-5.255195125937461853e-02
3.392531871795654297e-01
-6.551718711853027344e-01
9.908145070075988770e-01
-9.702610373497009277e-01
-9.737884998321533203e-01
3.620017170906066895e-01
9.991573691368103027e-01
1.231672838330268860e-01
-2.730085849761962891e-01
-4.885027557611465454e-02
1.433905065059661865e-01
9.849402904510498047e-01
-8.190423846244812012e-01
9.886857867240905762e-01
-9.902940988540649414e-01
-2.703585624694824219e-01
-5.572075843811035156e-01
4.510079510509967804e-03
9.761643409729003906e-01
-1.798303127288818359e-01
8.685540407896041870e-02
-8.693625032901763916e-02
8.368095159530639648e-01
6.989098787307739258e-01
2.546290755271911621e-01
9.086794219911098480e-03
-2.039282321929931641e-01
-2.577929198741912842e-02
-1.565884053707122803e-01
-2.077202945947647095e-01
9.999849200248718262e-01
1.184028163552284241e-01
-4.629907310009002686e-01
-2.402041703462600708e-01
9.119707942008972168e-01
9.419004917144775391e-01
2.829300761222839355e-01
-8.759744763374328613e-01
-9.585302472114562988e-01
4.536287486553192139e-01
4.398077428340911865e-01
4.263427853584289551e-01
-1.121222898364067078e-01
1.619453355669975281e-02
9.920349121093750000e-01
8.456844091415405273e-01
8.863322138786315918e-01
1.779782772064208984e-02
9.881206154823303223e-01
1.749399602413177490e-01
6.831802129745483398e-01
-5.179697871208190918e-01
-9.892357587814331055e-01
-7.120517492294311523e-01
4.059700071811676025e-01
6.493410468101501465e-01
9.753737449645996094e-01
-4.221828579902648926e-01
1.272140443325042725e-02
-1.284776180982589722e-01
9.843341708183288574e-01
-1.266984790563583374e-01
-8.505855798721313477e-01
-8.847433328628540039e-01
1.325828284025192261e-01
1.274866759777069092e-01
8.999878913164138794e-02
-2.390265315771102905e-01
-9.218884110450744629e-01
-2.378815263509750366e-01
-2.664526402950286865e-01
9.935600757598876953e-01
-8.253179490566253662e-02
9.592205882072448730e-01
9.959913492202758789e-01
-1.313340663909912109e-01
8.369190692901611328e-01
9.169604182243347168e-01
-2.007104158401489258e-01
-3.913597203791141510e-03
9.464271068572998047e-01
-9.921066761016845703e-01
-8.395156264305114746e-01
5.898248553276062012e-01
4.166074693202972412e-01
3.147863745689392090e-01
-9.894714355468750000e-01
-4.708725810050964355e-01
-9.713291525840759277e-01
1.471636146306991577e-01
-3.325483798980712891e-01
8.895801752805709839e-02
-9.605495333671569824e-01
-7.546047866344451904e-02
1.273052766919136047e-02
9.904001355171203613e-01
-4.111956804990768433e-02
1.222878023982048035e-01
-7.524333149194717407e-02
1.398152112960815430e-01
9.367966651916503906e-01
-6.640387326478958130e-02
-8.292451500892639160e-01
-8.644600957632064819e-02
3.378731906414031982e-01
2.880298718810081482e-02
7.921417951583862305e-01
9.999336004257202148e-01
-1.642336398363113403e-01
9.906075000762939453e-01
-2.052844166755676270e-01
2.331656664609909058e-01
9.755412936210632324e-01
2.962527275085449219e-01
9.223348498344421387e-01
-2.861425876617431641e-01
-5.007916595786809921e-03
-6.963934749364852905e-02
-8.086920529603958130e-02
1.310766339302062988e-01
9.997687339782714844e-01
-9.216607362031936646e-02
-3.339547663927078247e-02
-9.973203539848327637e-01
1.462224423885345459e-01
4.304552674293518066e-01
-5.833656787872314453e-01
-9.935961365699768066e-01
-3.770606219768524170e-01
-1.694445461034774780e-01
7.492919452488422394e-03
8.420891165733337402e-01
9.962580800056457520e-01
-4.731663763523101807e-01
3.518328368663787842e-01
-2.131267637014389038e-01
7.917096614837646484e-01
5.958390235900878906e-02
-9.846855401992797852e-01
9.998484253883361816e-01
-2.515550255775451660e-01
-9.243516921997070312e-01
7.635625600814819336e-01
9.631559252738952637e-02
-7.091972827911376953e-01
7.695733010768890381e-02
-8.609391450881958008e-01
-9.941420555114746094e-01
6.911219358444213867e-01
9.995958209037780762e-01
6.916742324829101562e-01
-1.947288364171981812e-01
2.711201310157775879e-01
1.649858951568603516e-01
-9.982421398162841797e-01
-9.825312495231628418e-01
-1.331212371587753296e-01
4.862916171550750732e-01
2.412722259759902954e-01
9.698386192321777344e-01
9.902812838554382324e-01
-9.890152215957641602e-01
9.681681543588638306e-02
4.430304765701293945e-01
-8.860939741134643555e-02
9.990488886833190918e-01
9.998098015785217285e-01
-9.926153421401977539e-01
1.533822566270828247e-01
9.990682005882263184e-01
-3.429686129093170166e-01
1.414331793785095215e-01
-9.973365068435668945e-02
8.341550827026367188e-01
-9.406378269195556641e-01
2.645658850669860840e-01
5.167738720774650574e-02
-8.420855998992919922e-01
6.009998172521591187e-02
2.404635697603225708e-01
9.578092694282531738e-01
1.864089667797088623e-01
2.692291736602783203e-01
-4.469042271375656128e-02
1.469794213771820068e-01
9.993093609809875488e-01
-1.909156292676925659e-01
-2.618237435817718506e-01
-8.652205020189285278e-02
-6.075837016105651855e-01
1.761290431022644043e-02
-2.781038917601108551e-02
-6.597169637680053711e-01
7.011329531669616699e-01
-7.193732261657714844e-01
8.465426564216613770e-01
9.052321910858154297e-01
-3.565684854984283447e-01
-1.346430182456970215e-01
7.888317108154296875e-01
7.338778674602508545e-02
1.077889874577522278e-01
-4.950406029820442200e-03
-3.731692433357238770e-01
-2.937664277851581573e-02
1.128326728940010071e-01
9.149359464645385742e-01
-2.392933815717697144e-01
-2.830364927649497986e-02
9.797717928886413574e-01
-8.987059593200683594e-01
3.852300941944122314e-01
1.139239743351936340e-01
9.726902842521667480e-01
1.157485786825418472e-02
9.913396239280700684e-01
4.065006505697965622e-03
1.972072273492813110e-01
2.250317484140396118e-01
2.624948322772979736e-01
2.619666159152984619e-01
4.832547903060913086e-02
-9.500171542167663574e-01
-1.434257328510284424e-01
1.144059281796216965e-02
-1.003761962056159973e-01
-9.830690622329711914e-01
1.063521355390548706e-01
-2.298770546913146973e-01
-2.298076450824737549e-01
-1.627824008464813232e-01
-9.628982543945312500e-01
-8.058410137891769409e-02
3.194257318973541260e-01
3.475317656993865967e-01
3.531479835510253906e-01
-9.070180356502532959e-02
7.986250519752502441e-01
-3.358294665813446045e-01
-1.976063400506973267e-01
7.546110749244689941e-01
-9.938127398490905762e-01
2.737907133996486664e-02
-1.447480320930480957e-01
-7.589261233806610107e-02
-3.250572979450225830e-01
8.433642387390136719e-01
3.397395014762878418e-01
-9.733116626739501953e-01
1.601410955190658569e-01
9.902697205543518066e-01
-6.750392317771911621e-01
1.247224062681198120e-01
-1.693531870841979980e-01
5.391543507575988770e-01
-7.924613356590270996e-02
6.543429940938949585e-02
7.709025144577026367e-01
-9.995538592338562012e-01
1.323671042919158936e-01
-8.426520973443984985e-02
-3.263207525014877319e-02
-5.626622587442398071e-02
-8.696148544549942017e-02
6.967902779579162598e-01
-2.547723054885864258e-01
1.952329277992248535e-01
-7.797138690948486328e-01
-9.550722241401672363e-01
-9.848739951848983765e-02
9.925751686096191406e-01
9.333984553813934326e-02
6.848905682563781738e-01
2.989102005958557129e-01
-2.836265042424201965e-02
-8.475103378295898438e-01
9.498662352561950684e-01
4.177287220954895020e-01
-9.893274307250976562e-01
9.929307550191879272e-02
-9.892219305038452148e-01
1.849008649587631226e-01
-2.889445610344409943e-02
-6.735841631889343262e-01
-2.788575589656829834e-01
-9.956330060958862305e-01
-1.512924134731292725e-01
8.463705778121948242e-01
-1.662213951349258423e-01
9.763401150703430176e-01
1.915313750505447388e-01
-9.679110646247863770e-01
-4.301867783069610596e-01
8.778832852840423584e-02
-8.572664111852645874e-02
-1.569679677486419678e-01
1.890202015638351440e-01
2.421901226043701172e-01
9.682066440582275391e-01
-9.974583983421325684e-01
-9.006932377815246582e-01
3.721869885921478271e-01
-9.574799537658691406e-01
5.434406921267509460e-02
8.160981535911560059e-02
1.878914535045623779e-01
5.163584649562835693e-02
-9.277464151382446289e-01
1.865223497152328491e-01
5.188938602805137634e-02
-9.679973721504211426e-01
-8.642211556434631348e-01
-7.986234426498413086e-01
3.126981258392333984e-01
-1.966184675693511963e-01
1.822670735418796539e-02
4.892579093575477600e-02
1.114965230226516724e-01
7.001250050961971283e-03
9.761372208595275879e-01
3.007735610008239746e-01
9.969382286071777344e-01
-1.412807404994964600e-01
-3.082721233367919922e-01
3.932144343852996826e-01
9.712326526641845703e-01
4.266046881675720215e-01
6.982119381427764893e-02
-9.999021291732788086e-01
2.872978746891021729e-01
8.059740066528320312e-01
9.617987871170043945e-01
8.091911077499389648e-01
9.976232647895812988e-01
-9.845124483108520508e-01
1.279050856828689575e-01
-1.929991878569126129e-02
-5.438871383666992188e-01
1.837745457887649536e-01
-1.268806755542755127e-01
4.899293482303619385e-01
-9.995183944702148438e-01
-9.898612499237060547e-01
-2.141692042350769043e-01
-9.885551929473876953e-01
9.306584000587463379e-01
1.318650692701339722e-01
1.490485370159149170e-01
2.082700133323669434e-01
4.546583592891693115e-01
1.592546850442886353e-01
-9.992172718048095703e-01
-9.930329322814941406e-01
-1.885897964239120483e-01
-4.390870630741119385e-01
1.563580036163330078e-01
-6.912424415349960327e-02
-9.990507364273071289e-01
-9.148138165473937988e-01
9.682207703590393066e-01
2.509778141975402832e-01
-2.225412428379058838e-01
-5.155450105667114258e-02
2.990520298480987549e-01
-8.448149561882019043e-01
9.992480874061584473e-01
2.994758486747741699e-01
-1.267234385013580322e-01
-4.353402554988861084e-01
1.080504208803176880e-01
5.154248699545860291e-02
-5.341666564345359802e-02
9.830858111381530762e-01
-9.813631176948547363e-01
7.232889533042907715e-02
1.446144580841064453e-01
-2.843290567398071289e-01
-3.447569906711578369e-01
