9.805234670639038086e-01
-5.172188878059387207e-01
-2.112291194498538971e-02
-2.254271693527698517e-02
-2.166313081979751587e-01
9.277920126914978027e-01
9.914346933364868164e-01
-9.493061900138854980e-01
-2.888829112052917480e-01
-9.965698719024658203e-01
1.988632529973983765e-01
-9.795517921447753906e-01
-9.898431301116943359e-01
-7.505765557289123535e-01
1.225551962852478027e-01
-1.893620043992996216e-01
5.448066443204879761e-02
1.096972003579139709e-01
-2.778322100639343262e-01
4.280858635902404785e-01
3.257517516613006592e-02
-2.661547660827636719e-01
-3.195448517799377441e-01
7.511611580848693848e-01
9.482944607734680176e-01
7.778718471527099609e-01
-1.764057278633117676e-01
-1.961508244276046753e-01
4.875258505344390869e-01
-1.772485971450805664e-01
9.471865296363830566e-01
2.929043769836425781e-02
2.062003314495086670e-01
4.351562634110450745e-02
-9.790950417518615723e-01
-3.784756734967231750e-02
1.133318617939949036e-02
-6.912180781364440918e-02
9.816256165504455566e-01
-5.839549377560615540e-02
-6.943246722221374512e-02
5.470155924558639526e-02
-9.521516412496566772e-02
-9.763681888580322266e-01
-1.987170726060867310e-01
-5.055812597274780273e-01
-9.965552687644958496e-01
-7.373108714818954468e-02
4.508823454380035400e-01
-3.184407651424407959e-01
9.960902333259582520e-01
-1.788567602634429932e-01
9.819583892822265625e-01
-1.964295953512191772e-01
-1.165946424007415771e-01
2.855107188224792480e-01
-2.104633860290050507e-02
-4.027462303638458252e-01
-9.998877048492431641e-01
-9.915227293968200684e-01
1.110944664105772972e-03
1.045626401901245117e-02
9.315326809883117676e-01
1.230805516242980957e-01
-1.004040613770484924e-02
-9.625291228294372559e-01
9.948018193244934082e-01
2.637086212635040283e-01
-4.243464767932891846e-01
9.198844432830810547e-01
9.826100468635559082e-01
9.909788370132446289e-01
-2.282077223062515259e-01
-4.911254346370697021e-01
-8.078122735023498535e-01
-6.491815298795700073e-02
2.746112346649169922e-01
9.673495292663574219e-01
7.581863552331924438e-02
1.376198083162307739e-01
-9.966650009155273438e-01
1.654398143291473389e-01
9.792820811271667480e-01
2.561117149889469147e-02
8.271952271461486816e-01
-6.033894419670104980e-01
2.166923601180315018e-03
1.698574274778366089e-01
-2.000668197870254517e-01
2.571667432785034180e-01
-9.421861767768859863e-01
2.808346748352050781e-01
3.778786957263946533e-01
-9.206330180168151855e-01
-9.809714555740356445e-01
7.912798523902893066e-01
5.496230721473693848e-01
-1.134225428104400635e-01
-8.077141046524047852e-01
-1.797169446945190430e-01
-8.800445795059204102e-01
-9.790952801704406738e-01
-9.800281524658203125e-01
9.932681173086166382e-02
-1.867359727621078491e-01
-1.881619244813919067e-01
9.531465172767639160e-01
-1.673331111669540405e-01
-6.718491017818450928e-02
-8.850849866867065430e-01
-3.263233974575996399e-02
-6.284645944833755493e-02
9.703369140625000000e-01
-9.297346472740173340e-01
-1.030001230537891388e-02
3.137843608856201172e-01
-4.730567932128906250e-01
9.654148817062377930e-01
-4.285864904522895813e-02
9.967606067657470703e-01
-9.741670489311218262e-01
-8.358254283666610718e-02
-9.768231511116027832e-01
-8.846851438283920288e-02
-8.753899484872817993e-02
-1.621365845203399658e-01
-3.896650373935699463e-01
-1.887741088867187500e-01
5.970607325434684753e-02
-8.745365589857101440e-02
9.876171946525573730e-01
8.561417460441589355e-01
9.199988245964050293e-01
-5.251852795481681824e-02
3.436923325061798096e-01
-6.555481553077697754e-01
9.904982447624206543e-01
-9.703559279441833496e-01
-9.677839875221252441e-01
3.725689649581909180e-01
9.992014765739440918e-01
1.241076067090034485e-01
-2.714902758598327637e-01
-8.246395736932754517e-02
1.317982673645019531e-01
9.838910102844238281e-01
-8.254932165145874023e-01
9.888590574264526367e-01
-9.899328351020812988e-01
-2.681873440742492676e-01
-5.446343421936035156e-01
1.085691060870885849e-02
9.757456183433532715e-01
-1.879876554012298584e-01
9.082983434200286865e-02
-1.054055094718933105e-01
8.244444727897644043e-01
7.032248973846435547e-01
2.627188861370086670e-01
1.436156593263149261e-02
-2.164656072854995728e-01
-2.662049792706966400e-02
-1.446382254362106323e-01
-2.130547165870666504e-01
9.999909996986389160e-01
1.089843884110450745e-01
-4.450614154338836670e-01
-2.341416627168655396e-01
9.087907671928405762e-01
9.364919662475585938e-01
2.935913503170013428e-01
-8.820876479148864746e-01
-9.494362473487854004e-01
4.353759586811065674e-01
4.534444510936737061e-01
4.176069200038909912e-01
-1.124585643410682678e-01
1.952931471168994904e-02
9.924172163009643555e-01
8.504824042320251465e-01
8.877007365226745605e-01
7.055924739688634872e-03
9.887470602989196777e-01
1.774760484695434570e-01
6.889929175376892090e-01
-5.240828990936279297e-01
-9.895256757736206055e-01
-6.999452710151672363e-01
3.941721320152282715e-01
6.400660276412963867e-01
9.736583828926086426e-01
-4.124928414821624756e-01
-3.753145039081573486e-02
-1.188367083668708801e-01
9.859120845794677734e-01
-1.232760623097419739e-01
-8.523442745208740234e-01
-8.809479475021362305e-01
1.435554921627044678e-01
1.421172916889190674e-01
1.000365912914276123e-01
-2.345920205116271973e-01
-9.240203499794006348e-01
-2.299287468194961548e-01
-2.820166945457458496e-01
9.937446713447570801e-01
-7.764588296413421631e-02
9.522640109062194824e-01
9.955583810806274414e-01
-1.423554271459579468e-01
8.335201144218444824e-01
9.204584956169128418e-01
-2.089321762323379517e-01
9.155556559562683105e-03
9.453706741333007812e-01
-9.923952221870422363e-01
-8.334994912147521973e-01
6.066485047340393066e-01
4.084214866161346436e-01
3.133157193660736084e-01
-9.896276593208312988e-01
-4.669445753097534180e-01
-9.717599153518676758e-01
1.417488008737564087e-01
-2.881450057029724121e-01
8.229137957096099854e-02
-9.610009789466857910e-01
-7.474827021360397339e-02
-1.301877107471227646e-02
9.908371567726135254e-01
-3.185741975903511047e-02
1.267766207456588745e-01
-8.158649504184722900e-02
1.419712305068969727e-01
9.373379349708557129e-01
-5.686220899224281311e-02
-8.367606401443481445e-01
-8.238329738378524780e-02
3.399530053138732910e-01
1.422947179526090622e-02
7.809007167816162109e-01
9.999428987503051758e-01
-1.690886318683624268e-01
9.907795786857604980e-01
-1.989391446113586426e-01
2.380000352859497070e-01
9.732972979545593262e-01
2.960201799869537354e-01
9.248729348182678223e-01
-2.659131288528442383e-01
-2.171657746657729149e-03
-7.427189499139785767e-02
-8.880183100700378418e-02
1.418564021587371826e-01
9.997811317443847656e-01
-1.027451232075691223e-01
-7.886925712227821350e-03
-9.974258542060852051e-01
1.520637422800064087e-01
4.588075876235961914e-01
-5.987239480018615723e-01
-9.929816126823425293e-01
-3.681936562061309814e-01
-1.856627315282821655e-01
2.768418379127979279e-02
8.408881425857543945e-01
9.963609576225280762e-01
-4.354769289493560791e-01
3.522104322910308838e-01
-2.144962996244430542e-01
7.976439595222473145e-01
6.388463824987411499e-02
-9.851508140563964844e-01
9.998406767845153809e-01
-2.569980919361114502e-01
-9.291337132453918457e-01
7.617532610893249512e-01
1.085222288966178894e-01
-7.081236839294433594e-01
9.153681248426437378e-02
-8.715982437133789062e-01
-9.940971732139587402e-01
6.874296069145202637e-01
9.995642900466918945e-01
7.146654725074768066e-01
-1.902160942554473877e-01
2.870700955390930176e-01
1.558319777250289917e-01
-9.981424808502197266e-01
-9.833198785781860352e-01
-1.147649362683296204e-01
4.835540950298309326e-01
2.489717602729797363e-01
9.697442650794982910e-01
9.903832674026489258e-01
-9.886111021041870117e-01
8.752091228961944580e-02
4.508582651615142822e-01
-8.624714612960815430e-02
9.990662932395935059e-01
9.998159408569335938e-01
-9.908872246742248535e-01
1.445953249931335449e-01
9.990620613098144531e-01
-3.387364447116851807e-01
1.160499230027198792e-01
-9.073893725872039795e-02
8.303918838500976562e-01
-9.411154389381408691e-01
2.590331435203552246e-01
3.691295534372329712e-02
-8.193734288215637207e-01
5.278591066598892212e-02
2.331554740667343140e-01
9.485579133033752441e-01
1.916870772838592529e-01
2.662762701511383057e-01
-3.045555390417575836e-02
1.577600538730621338e-01
9.992627501487731934e-01
-1.866966933012008667e-01
-2.333105951547622681e-01
-9.761524200439453125e-02
-5.944318175315856934e-01
4.393497016280889511e-03
-3.895420953631401062e-02
-6.605119705200195312e-01
6.867642402648925781e-01
-7.108191251754760742e-01
8.501784801483154297e-01
9.011250138282775879e-01
-3.559705615043640137e-01
-1.392852514982223511e-01
7.867384552955627441e-01
5.484804511070251465e-02
1.056370288133621216e-01
-1.599265821278095245e-02
-4.044482409954071045e-01
-4.244526475667953491e-02
1.144711524248123169e-01
9.184199571609497070e-01
-2.403942942619323730e-01
-3.352589160203933716e-02
9.771358966827392578e-01
-8.963508009910583496e-01
3.931869566440582275e-01
1.190151795744895935e-01
9.769868254661560059e-01
1.434528920799493790e-02
9.915233850479125977e-01
3.616843745112419128e-02
1.829484105110168457e-01
2.383629381656646729e-01
2.534444928169250488e-01
2.593014240264892578e-01
5.308724939823150635e-02
-9.506140947341918945e-01
-1.492574214935302734e-01
3.823830280452966690e-03
-7.543548941612243652e-02
-9.840810894966125488e-01
1.021803244948387146e-01
-2.288972735404968262e-01
-2.379775941371917725e-01
-1.725050956010818481e-01
-9.630516171455383301e-01
-8.347828686237335205e-02
3.349513411521911621e-01
3.503570258617401123e-01
3.447689712047576904e-01
-8.507491648197174072e-02
8.080669641494750977e-01
-3.353898525238037109e-01
-2.010929137468338013e-01
7.441493868827819824e-01
-9.937971234321594238e-01
2.673645131289958954e-02
-1.507865935564041138e-01
-6.914519518613815308e-02
-3.220392167568206787e-01
8.385586142539978027e-01
3.207339644432067871e-01
-9.741516113281250000e-01
1.637886762619018555e-01
9.905490279197692871e-01
-6.809270977973937988e-01
1.083931326866149902e-01
-1.648701280355453491e-01
5.622606873512268066e-01
-9.418032318353652954e-02
4.873684421181678772e-02
7.506643533706665039e-01
-9.995639324188232422e-01
1.286146789789199829e-01
-9.556484222412109375e-02
-2.790529280900955200e-02
-4.887761175632476807e-02
-8.755430579185485840e-02
7.119020819664001465e-01
-2.490448951721191406e-01
2.077985405921936035e-01
-7.865909337997436523e-01
-9.525907039642333984e-01
-9.976510703563690186e-02
9.923620820045471191e-01
9.849197417497634888e-02
6.690891981124877930e-01
2.869473099708557129e-01
-2.848186157643795013e-02
-8.652791976928710938e-01
9.540167450904846191e-01
4.377480447292327881e-01
-9.895449280738830566e-01
1.011797636747360229e-01
-9.894044399261474609e-01
1.862334460020065308e-01
-4.331129044294357300e-02
-6.892930269241333008e-01
-2.864850759506225586e-01
-9.958706498146057129e-01
-1.661701053380966187e-01
8.516185879707336426e-01
-1.613026261329650879e-01
9.761764407157897949e-01
1.997220367193222046e-01
-9.688191413879394531e-01
-4.364947378635406494e-01
8.074411004781723022e-02
-9.116319566965103149e-02
-1.604058891534805298e-01
1.986193656921386719e-01
2.485105991363525391e-01
9.691721796989440918e-01
-9.975079894065856934e-01
-8.973973989486694336e-01
3.711699843406677246e-01
-9.567625522613525391e-01
5.538369342684745789e-02
7.173060625791549683e-02
1.902346312999725342e-01
6.402455270290374756e-02
-9.296451807022094727e-01
1.582808792591094971e-01
4.826761037111282349e-02
-9.687517881393432617e-01
-8.587008118629455566e-01
-8.141519427299499512e-01
3.231482207775115967e-01
-1.844032406806945801e-01
4.402891546487808228e-02
5.798807740211486816e-02
1.173863410949707031e-01
4.055824596434831619e-03
9.761651754379272461e-01
3.023383915424346924e-01
9.970697164535522461e-01
-1.150206476449966431e-01
-3.033325970172882080e-01
4.009603857994079590e-01
9.723304510116577148e-01
4.119297862052917480e-01
6.658136844635009766e-02
-9.999000430107116699e-01
2.751706838607788086e-01
7.995558381080627441e-01
9.628686308860778809e-01
8.037401437759399414e-01
9.976920485496520996e-01
-9.842285513877868652e-01
1.448155939579010010e-01
-2.301365137100219727e-02
-5.149641633033752441e-01
1.933841705322265625e-01
-1.291438192129135132e-01
4.773693680763244629e-01
-9.994892477989196777e-01
-9.897363185882568359e-01
-2.188540399074554443e-01
-9.884857535362243652e-01
9.249988794326782227e-01
1.325950622558593750e-01
1.429429650306701660e-01
2.072639763355255127e-01
4.597739875316619873e-01
1.478866040706634521e-01
-9.991567730903625488e-01
-9.930440187454223633e-01
-1.974023282527923584e-01
-4.317927062511444092e-01
1.689545661211013794e-01
-8.507282286882400513e-02
-9.990266561508178711e-01
-9.158069491386413574e-01
9.672874212265014648e-01
2.577883601188659668e-01
-2.189346402883529663e-01
-4.500497877597808838e-02
3.048089146614074707e-01
-8.409880399703979492e-01
9.992755651473999023e-01
3.184060156345367432e-01
-1.419378519058227539e-01
-4.203633069992065430e-01
1.053264215588569641e-01
5.224214494228363037e-02
-5.994142219424247742e-02
9.829060435295104980e-01
-9.808459281921386719e-01
8.760093897581100464e-02
1.426898688077926636e-01
-2.956883609294891357e-01
-3.305371403694152832e-01
