9.669623970985412598e-01
-7.679948806762695312e-01
-9.943381696939468384e-02
3.418797627091407776e-02
-3.301246166229248047e-01
9.411711096763610840e-01
9.955826997756958008e-01
-9.445574879646301270e-01
-4.259194433689117432e-01
-9.956468939781188965e-01
1.986020058393478394e-01
-9.677454233169555664e-01
-9.978170990943908691e-01
-8.737500309944152832e-01
1.690725684165954590e-01
-2.181432992219924927e-01
-1.009923778474330902e-02
8.442290872335433960e-02
-3.801229000091552734e-01
3.976412713527679443e-01
-9.706480428576469421e-03
-3.226639330387115479e-01
-5.835888534784317017e-02
9.344865083694458008e-01
9.860551357269287109e-01
9.482409358024597168e-01
-2.356016933917999268e-01
-2.362441122531890869e-01
6.109717488288879395e-01
-5.062674880027770996e-01
9.074261784553527832e-01
-4.796694219112396240e-02
2.210808098316192627e-01
4.067173972725868225e-02
-9.871122241020202637e-01
-1.678939461708068848e-01
4.241774976253509521e-02
-6.047566235065460205e-02
9.967207312583923340e-01
-1.641181260347366333e-01
-2.309481501579284668e-01
-1.017731204628944397e-01
-1.206845864653587341e-01
-9.902510046958923340e-01
-2.516045272350311279e-01
-7.244148254394531250e-01
-9.904896020889282227e-01
-1.541631817817687988e-01
3.489606976509094238e-01
-3.753380179405212402e-01
9.906826019287109375e-01
-1.903198212385177612e-01
9.901599287986755371e-01
-3.256334960460662842e-01
-1.935463845729827881e-01
4.161508679389953613e-01
-1.224724724888801575e-01
-5.458540320396423340e-01
-9.999088048934936523e-01
-9.948624968528747559e-01
-1.449872273951768875e-02
1.152567416429519653e-01
9.224326014518737793e-01
1.610894352197647095e-01
-9.772845543920993805e-03
-9.932920932769775391e-01
9.929924607276916504e-01
4.397196769714355469e-01
-4.591841995716094971e-01
9.471527338027954102e-01
9.976428747177124023e-01
9.991664886474609375e-01
-2.636016011238098145e-01
-8.097314238548278809e-01
-8.889302015304565430e-01
-1.652537658810615540e-02
2.619042396545410156e-01
9.888781905174255371e-01
2.797381207346916199e-02
1.079650968313217163e-01
-9.954835772514343262e-01
8.208487182855606079e-02
9.697354435920715332e-01
-5.979897826910018921e-02
8.771929144859313965e-01
-8.139623403549194336e-01
8.286330848932266235e-03
1.290366202592849731e-01
-2.261546850204467773e-01
3.251208066940307617e-01
-9.813620448112487793e-01
3.152715861797332764e-01
4.707442224025726318e-01
-9.690506458282470703e-01
-9.804548621177673340e-01
8.157820105552673340e-01
8.125311732292175293e-01
-9.579645842313766479e-02
-9.281583428382873535e-01
-9.852337837219238281e-02
-7.981320023536682129e-01
-9.808880686759948730e-01
-9.960560798645019531e-01
-3.528678789734840393e-02
-1.922977566719055176e-01
-3.181764781475067139e-01
9.175461530685424805e-01
3.415768221020698547e-02
-1.272585242986679077e-01
-9.195933341979980469e-01
-1.994529068470001221e-01
-1.585700660943984985e-01
9.166601896286010742e-01
-9.704152345657348633e-01
-9.643540717661380768e-03
2.564928233623504639e-01
-3.256117999553680420e-01
9.769397974014282227e-01
-7.022739946842193604e-02
9.958446025848388672e-01
-9.668790698051452637e-01
-1.083447635173797607e-01
-9.963228106498718262e-01
-5.285554528236389160e-01
2.584381494671106339e-03
-3.145698904991149902e-01
-5.581005811691284180e-01
-9.996788948774337769e-02
-7.983350008726119995e-02
-1.460106819868087769e-01
9.689072966575622559e-01
9.036746621131896973e-01
9.679608941078186035e-01
-8.029200136661529541e-02
3.543922007083892822e-01
-7.077605128288269043e-01
9.982079863548278809e-01
-9.906765222549438477e-01
-9.660052657127380371e-01
4.326998591423034668e-01
9.985233545303344727e-01
1.523253321647644043e-01
-4.367340207099914551e-01
2.139976173639297485e-01
-2.882142364978790283e-02
9.829814434051513672e-01
-7.915045022964477539e-01
9.848917722702026367e-01
-9.954706430435180664e-01
-3.069593906402587891e-01
-6.041699647903442383e-01
-1.426008790731430054e-01
9.763891696929931641e-01
-1.970914900302886963e-01
1.575240045785903931e-01
-6.312654912471771240e-02
9.430295825004577637e-01
6.815105676651000977e-01
2.208601534366607666e-01
6.367727369070053101e-02
-1.641142219305038452e-01
-2.050635963678359985e-01
-2.301839441061019897e-01
-2.578638792037963867e-01
9.999893903732299805e-01
-4.520051926374435425e-02
-5.078235268592834473e-01
-2.848633527755737305e-01
9.217408299446105957e-01
9.547262787818908691e-01
3.704540729522705078e-01
-8.348512053489685059e-01
-9.774887561798095703e-01
7.340559363365173340e-01
5.293867588043212891e-01
4.455173909664154053e-01
1.476623862981796265e-01
-2.431924641132354736e-02
9.947081208229064941e-01
9.267063140869140625e-01
9.537149667739868164e-01
-1.580483764410018921e-01
9.809187054634094238e-01
5.145254731178283691e-01
7.685928940773010254e-01
-6.560435295104980469e-01
-9.916671514511108398e-01
-7.853187322616577148e-01
4.892052412033081055e-01
7.882763147354125977e-01
9.793056845664978027e-01
-7.426393032073974609e-01
2.850313186645507812e-01
-2.138527184724807739e-01
9.823163151741027832e-01
-1.746215224266052246e-01
-8.504546880722045898e-01
-9.246295690536499023e-01
4.884797036647796631e-01
1.828555166721343994e-01
4.982468858361244202e-02
-2.908201217651367188e-01
-9.638411998748779297e-01
-1.184175089001655579e-01
-4.322293102741241455e-01
9.991937875747680664e-01
-1.225415095686912537e-01
9.820696711540222168e-01
9.959962964057922363e-01
-1.902027875185012817e-01
8.486046195030212402e-01
9.320820569992065430e-01
3.341004997491836548e-02
1.135361567139625549e-01
9.745588898658752441e-01
-9.918805956840515137e-01
-9.694550037384033203e-01
6.622554063796997070e-01
2.419975101947784424e-01
2.119657546281814575e-01
-9.895023107528686523e-01
-5.267096757888793945e-01
-9.691799283027648926e-01
2.071914970874786377e-01
-7.374231219291687012e-01
6.343574821949005127e-02
-9.888848662376403809e-01
-1.160264536738395691e-01
1.131163015961647034e-01
9.947749972343444824e-01
-2.057691961526870728e-01
4.072935506701469421e-02
-3.249633312225341797e-02
2.480275630950927734e-01
9.840363860130310059e-01
-4.066576063632965088e-02
-5.555297732353210449e-01
-2.204655259847640991e-01
4.260796308517456055e-01
7.208634912967681885e-02
6.937089562416076660e-01
9.999199509620666504e-01
3.323060646653175354e-02
9.976398348808288574e-01
-5.045496225357055664e-01
2.113260179758071899e-01
9.836695194244384766e-01
2.574535012245178223e-01
9.626723527908325195e-01
-2.349987812340259552e-02
1.808890514075756073e-02
-2.632570862770080566e-01
-9.393282979726791382e-02
1.984864622354507446e-01
9.998607635498046875e-01
-2.001666277647018433e-01
-2.225568518042564392e-02
-9.984269142150878906e-01
2.931497097015380859e-01
4.673223793506622314e-01
-5.942025184631347656e-01
-9.953291416168212891e-01
-4.977473914623260498e-01
4.940197989344596863e-02
8.621599525213241577e-02
8.433630466461181641e-01
9.984231591224670410e-01
-5.110163688659667969e-01
3.601004779338836670e-01
-1.558434963226318359e-01
9.133453369140625000e-01
-2.801674604415893555e-02
-9.846993088722229004e-01
9.999055266380310059e-01
-4.738730788230895996e-01
-8.505581021308898926e-01
7.415425777435302734e-01
2.147264778614044189e-01
-7.302874326705932617e-01
5.039334669709205627e-02
-7.489299774169921875e-01
-9.925864338874816895e-01
7.388024926185607910e-01
9.997293949127197266e-01
5.230827331542968750e-01
-1.598754376173019409e-01
4.904814660549163818e-01
1.985569149255752563e-01
-9.984404444694519043e-01
-9.920101761817932129e-01
-3.416039347648620605e-01
5.453690886497497559e-01
2.980387508869171143e-01
9.747446775436401367e-01
9.941544532775878906e-01
-9.886326789855957031e-01
-6.728376029059290886e-04
6.339840292930603027e-01
-1.944861710071563721e-01
9.991285204887390137e-01
9.999356865882873535e-01
-9.957954287528991699e-01
2.238578051328659058e-01
9.997617602348327637e-01
-3.976736664772033691e-01
1.398306190967559814e-01
-1.827757060527801514e-01
8.948628902435302734e-01
-9.511536955833435059e-01
3.634924590587615967e-01
-3.435189649462699890e-02
-7.270888090133666992e-01
7.846499234437942505e-02
1.009036526083946228e-01
9.711198210716247559e-01
3.353805243968963623e-01
3.544986546039581299e-01
4.480612277984619141e-02
1.223981007933616638e-01
9.992906451225280762e-01
-3.097691535949707031e-01
-2.543502748012542725e-01
9.251593612134456635e-03
-8.815826177597045898e-01
4.006905108690261841e-02
-1.212786287069320679e-01
-8.997469544410705566e-01
7.701882123947143555e-01
-7.511871457099914551e-01
8.533219099044799805e-01
8.959101438522338867e-01
-3.123977482318878174e-01
-5.244084075093269348e-02
9.062318205833435059e-01
7.384405285120010376e-02
2.321520447731018066e-01
1.909771934151649475e-02
7.578375935554504395e-02
2.511348128318786621e-01
1.049691364169120789e-01
9.553481340408325195e-01
-3.335354328155517578e-01
-1.923948526382446289e-02
9.743717908859252930e-01
-8.853480815887451172e-01
6.351933479309082031e-01
-1.637278310954570770e-02
9.756683111190795898e-01
8.091740310192108154e-02
9.934197664260864258e-01
1.184232905507087708e-01
2.298526316881179810e-01
1.845254451036453247e-01
2.165308147668838501e-01
5.838899873197078705e-03
4.386189952492713928e-02
-9.655079841613769531e-01
-8.006688207387924194e-02
-2.384860627353191376e-02
-9.559252113103866577e-02
-9.571997523307800293e-01
4.186269938945770264e-01
-4.016321599483489990e-01
-1.856362074613571167e-01
-1.732242852449417114e-01
-9.651800990104675293e-01
2.329937666654586792e-01
3.702675402164459229e-01
4.738329648971557617e-01
4.674669206142425537e-01
-2.279037237167358398e-01
8.419399857521057129e-01
-4.233843088150024414e-01
-1.460489630699157715e-01
8.749103546142578125e-01
-9.982182979583740234e-01
-3.105310909450054169e-02
-9.990669786930084229e-02
-1.603636145591735840e-01
-4.153538346290588379e-01
8.911859989166259766e-01
4.553818106651306152e-01
-9.925509095191955566e-01
1.894396841526031494e-01
9.903787374496459961e-01
-8.196127414703369141e-01
1.672568172216415405e-01
-2.379869669675827026e-01
9.141538292169570923e-02
-4.911021888256072998e-02
-2.021964639425277710e-01
7.945067882537841797e-01
-9.997964501380920410e-01
1.297230273485183716e-01
-3.416908532381057739e-02
-2.311515808105468750e-01
-1.952616572380065918e-01
-1.678461432456970215e-01
8.269858956336975098e-01
-2.604108750820159912e-01
2.658477425575256348e-01
-9.008470177650451660e-01
-9.888466000556945801e-01
-2.144768685102462769e-01
9.942300319671630859e-01
3.698780536651611328e-01
8.743237853050231934e-01
2.592056989669799805e-01
-1.018590480089187622e-01
-8.817963600158691406e-01
9.087951183319091797e-01
4.584792554378509521e-01
-9.903748035430908203e-01
2.661867998540401459e-02
-9.987286925315856934e-01
2.505909204483032227e-01
1.498772650957107544e-01
-8.000108003616333008e-01
-3.635586500167846680e-01
-9.896601438522338867e-01
-3.316085040569305420e-01
9.158834218978881836e-01
-1.774139106273651123e-01
9.728748202323913574e-01
2.954460680484771729e-01
-9.825292825698852539e-01
-5.344401001930236816e-01
1.796791553497314453e-01
-9.958610683679580688e-02
-2.038681954145431519e-01
2.828905880451202393e-01
4.142026901245117188e-01
9.822428226470947266e-01
-9.996461272239685059e-01
-9.149542450904846191e-01
3.805038332939147949e-01
-9.604452848434448242e-01
2.124042510986328125e-01
6.255219131708145142e-02
1.383780241012573242e-01
-3.716191276907920837e-02
-9.871500730514526367e-01
3.097072988748550415e-02
2.490945905447006226e-01
-9.944692850112915039e-01
-8.802287578582763672e-01
-6.556973457336425781e-01
2.785308063030242920e-01
-1.262477040290832520e-01
4.443338140845298767e-03
8.817121386528015137e-02
-9.558393061161041260e-02
-3.671016078442335129e-03
9.765654802322387695e-01
2.753106057643890381e-01
9.959033727645874023e-01
-6.791598349809646606e-02
-1.972706764936447144e-01
3.570986390113830566e-01
9.729388356208801270e-01
8.152751922607421875e-01
1.549500674009323120e-01
-9.997602105140686035e-01
2.582493126392364502e-01
8.542564511299133301e-01
9.923428893089294434e-01
8.381969332695007324e-01
9.979301095008850098e-01
-9.797156453132629395e-01
2.059922218322753906e-01
4.251984134316444397e-02
-5.019392371177673340e-01
-7.008459419012069702e-02
-5.697389692068099976e-02
4.342887103557586670e-01
-9.991608858108520508e-01
-9.920985698699951172e-01
-2.299394756555557251e-01
-9.882230162620544434e-01
9.090704321861267090e-01
2.798407077789306641e-01
9.041743725538253784e-02
3.448234200477600098e-01
5.212607979774475098e-01
1.349800378084182739e-01
-9.994291663169860840e-01
-9.957032799720764160e-01
-1.891479790210723877e-01
-4.729012548923492432e-01
1.997349113225936890e-01
-1.404405236244201660e-01
-9.990131855010986328e-01
-9.661474823951721191e-01
9.783102869987487793e-01
1.911825686693191528e-01
-3.178949058055877686e-01
3.017459623515605927e-02
2.581211328506469727e-01
-9.089763164520263672e-01
9.993357658386230469e-01
2.163653522729873657e-01
-1.495799273252487183e-01
-4.296990334987640381e-01
6.651487201452255249e-02
1.148583143949508667e-01
-2.512741684913635254e-01
9.946168065071105957e-01
-9.966920018196105957e-01
1.826465278863906860e-01
1.763540133833885193e-02
-4.703185260295867920e-01
-3.936801850795745850e-01
