9.724142551422119141e-01
-7.965098619461059570e-01
-1.320783495903015137e-01
-2.457417175173759460e-02
-3.331128656864166260e-01
9.469321370124816895e-01
9.949728846549987793e-01
-9.339101314544677734e-01
-4.125707447528839111e-01
-9.965561628341674805e-01
2.446590811014175415e-01
-9.741188287734985352e-01
-9.980723857879638672e-01
-6.618173122406005859e-01
1.438054293394088745e-01
-2.663621604442596436e-01
3.720211097970604897e-03
1.002011299133300781e-01
-3.904304504394531250e-01
4.109478294849395752e-01
4.019493982195854187e-02
-3.092291653156280518e-01
3.116042353212833405e-02
9.058418273925781250e-01
9.862817525863647461e-01
9.546641707420349121e-01
-1.872719824314117432e-01
-2.569554746150970459e-01
6.106526255607604980e-01
-3.870675265789031982e-01
9.257458448410034180e-01
-5.088625103235244751e-02
2.242769598960876465e-01
4.963415488600730896e-02
-9.824038147926330566e-01
-1.744890958070755005e-01
5.668194591999053955e-02
-4.536105319857597351e-02
9.971145391464233398e-01
-1.491781920194625854e-01
-2.042108923196792603e-01
-7.787964493036270142e-02
-1.297086328268051147e-01
-9.920628070831298828e-01
-2.553771138191223145e-01
-6.382196545600891113e-01
-9.908337593078613281e-01
-1.723423749208450317e-01
3.112768530845642090e-01
-3.607437610626220703e-01
9.921350479125976562e-01
-2.209147363901138306e-01
9.909881949424743652e-01
-2.994924485683441162e-01
-1.054540649056434631e-01
3.959131836891174316e-01
-1.115381717681884766e-01
-5.387033820152282715e-01
-9.999055862426757812e-01
-9.947614669799804688e-01
4.823797848075628281e-03
1.159732043743133545e-01
8.997281193733215332e-01
1.513749957084655762e-01
5.493693752214312553e-04
-9.895007610321044922e-01
9.942255616188049316e-01
4.314771890640258789e-01
-4.426077008247375488e-01
9.484338760375976562e-01
9.972792267799377441e-01
9.993020892143249512e-01
-2.859596908092498779e-01
-7.285256981849670410e-01
-8.836077451705932617e-01
-4.203867912292480469e-02
2.837098836898803711e-01
9.889124035835266113e-01
4.882742464542388916e-02
1.189250200986862183e-01
-9.954614639282226562e-01
7.418331503868103027e-02
9.643802046775817871e-01
-9.107224643230438232e-02
8.985937833786010742e-01
-8.389140367507934570e-01
5.184429138898849487e-02
1.307176202535629272e-01
-2.264229953289031982e-01
3.236100971698760986e-01
-9.828820228576660156e-01
2.902499735355377197e-01
4.560442864894866943e-01
-9.599037766456604004e-01
-9.828478097915649414e-01
8.395544886589050293e-01
8.222339749336242676e-01
-9.678974747657775879e-02
-9.383520483970642090e-01
-1.231251880526542664e-01
-8.219717144966125488e-01
-9.819061160087585449e-01
-9.964222908020019531e-01
-3.341432288289070129e-02
-2.085099667310714722e-01
-3.337865471839904785e-01
9.308201670646667480e-01
3.354671597480773926e-02
-1.478327363729476929e-01
-9.352870583534240723e-01
-1.750777214765548706e-01
-1.731046438217163086e-01
9.254849553108215332e-01
-9.750000834465026855e-01
-1.044263690710067749e-02
3.076035976409912109e-01
-4.026731848716735840e-01
9.809944629669189453e-01
-9.766214340925216675e-02
9.955248832702636719e-01
-9.516864418983459473e-01
-1.129152625799179077e-01
-9.964145421981811523e-01
-4.946371316909790039e-01
-4.927324503660202026e-02
-3.322149515151977539e-01
-6.263241767883300781e-01
-8.723332732915878296e-02
-4.319202899932861328e-02
-1.601604968309402466e-01
9.719915986061096191e-01
8.930974006652832031e-01
9.724676012992858887e-01
-5.238523706793785095e-02
3.355332911014556885e-01
-6.847956776618957520e-01
9.981134533882141113e-01
-9.911071062088012695e-01
-9.702511429786682129e-01
4.343874454498291016e-01
9.986234903335571289e-01
1.460108309984207153e-01
-4.373989701271057129e-01
2.085951715707778931e-01
8.380455896258354187e-03
9.863458871841430664e-01
-8.210520148277282715e-01
9.879711270332336426e-01
-9.923059344291687012e-01
-3.463641405105590820e-01
-6.164953708648681641e-01
-9.568943828344345093e-02
9.803139567375183105e-01
-2.013277411460876465e-01
1.556471586227416992e-01
-3.352334350347518921e-02
9.287011623382568359e-01
6.446336507797241211e-01
2.315753698348999023e-01
5.289605632424354553e-02
-1.918717026710510254e-01
-2.322105020284652710e-01
-1.993712931871414185e-01
-2.098051607608795166e-01
9.999975562095642090e-01
2.145154774188995361e-02
-4.844721555709838867e-01
-2.908787727355957031e-01
9.313284158706665039e-01
9.599646925926208496e-01
3.682307302951812744e-01
-8.347402215003967285e-01
-9.738000631332397461e-01
6.692551970481872559e-01
5.489708781242370605e-01
3.896576464176177979e-01
5.011492967605590820e-02
1.980934850871562958e-02
9.940723776817321777e-01
9.154625535011291504e-01
9.568336606025695801e-01
-1.460031419992446899e-01
9.847458004951477051e-01
4.297559261322021484e-01
6.552192568778991699e-01
-6.660591959953308105e-01
-9.933419227600097656e-01
-8.236393928527832031e-01
4.903590381145477295e-01
7.599416375160217285e-01
9.764270782470703125e-01
-7.299784421920776367e-01
3.858215510845184326e-01
-2.247712314128875732e-01
9.820281863212585449e-01
-1.455028057098388672e-01
-8.582054972648620605e-01
-9.381613135337829590e-01
4.667548537254333496e-01
2.003609091043472290e-01
9.747389703989028931e-02
-3.314810991287231445e-01
-9.498684406280517578e-01
-1.026369854807853699e-01
-4.054156243801116943e-01
9.990068674087524414e-01
-1.161372289061546326e-01
9.840600490570068359e-01
9.966545104980468750e-01
-1.786329895257949829e-01
8.640525937080383301e-01
9.405468702316284180e-01
-2.240486629307270050e-02
1.154303029179573059e-01
9.767968654632568359e-01
-9.923793673515319824e-01
-9.625067710876464844e-01
5.695931911468505859e-01
3.531291484832763672e-01
2.587598264217376709e-01
-9.910417795181274414e-01
-5.540153384208679199e-01
-9.695690870285034180e-01
1.902420669794082642e-01
-7.571393251419067383e-01
-1.102096885442733765e-01
-9.903010725975036621e-01
-1.150114759802818298e-01
1.294471323490142822e-01
9.952246546745300293e-01
-1.607217043638229370e-01
2.782835811376571655e-02
-3.943255171179771423e-02
2.472211122512817383e-01
9.850215315818786621e-01
-1.545000821352005005e-02
-5.385518074035644531e-01
-1.551320105791091919e-01
4.177636802196502686e-01
1.297167241573333740e-01
7.137792110443115234e-01
9.999138116836547852e-01
-7.071254402399063110e-02
9.980193376541137695e-01
-4.083815217018127441e-01
2.467107623815536499e-01
9.858810305595397949e-01
3.038154244422912598e-01
9.633784294128417969e-01
-1.187344714999198914e-01
-4.649586509913206100e-03
-2.375338226556777954e-01
-1.332129091024398804e-01
1.915097087621688843e-01
9.998798966407775879e-01
-2.002626955509185791e-01
-1.751116849482059479e-02
-9.982939362525939941e-01
3.061535954475402832e-01
4.742391407489776611e-01
-6.008522510528564453e-01
-9.958704113960266113e-01
-4.838101565837860107e-01
2.647047629579901695e-03
8.954480290412902832e-02
8.534826636314392090e-01
9.985021948814392090e-01
-5.004311203956604004e-01
3.938246071338653564e-01
-2.237512320280075073e-01
9.303407073020935059e-01
-3.972246497869491577e-02
-9.875862598419189453e-01
9.999261498451232910e-01
-4.701269865036010742e-01
-8.583171367645263672e-01
7.304469347000122070e-01
2.117407172918319702e-01
-7.497830986976623535e-01
8.045437932014465332e-02
-7.610777616500854492e-01
-9.923596978187561035e-01
7.694366574287414551e-01
9.997385144233703613e-01
5.894255042076110840e-01
-1.737080067396163940e-01
4.528547823429107666e-01
2.196931540966033936e-01
-9.984968304634094238e-01
-9.933608174324035645e-01
-1.862372606992721558e-01
5.392363667488098145e-01
2.851713001728057861e-01
9.793401956558227539e-01
9.947597980499267578e-01
-9.902223944664001465e-01
3.928445279598236084e-02
6.817073225975036621e-01
-2.049838453531265259e-01
9.992215037345886230e-01
9.999077320098876953e-01
-9.963749647140502930e-01
1.832803338766098022e-01
9.997814297676086426e-01
-4.119136333465576172e-01
1.560003310441970825e-01
-1.233792230486869812e-01
9.075997471809387207e-01
-9.574471712112426758e-01
3.935035765171051025e-01
-8.201967924833297729e-03
-7.583916187286376953e-01
8.657097816467285156e-02
1.021891608834266663e-01
9.746288061141967773e-01
3.316316902637481689e-01
3.259057700634002686e-01
3.390836343169212341e-02
1.206928640604019165e-01
9.992654323577880859e-01
-2.967490553855895996e-01
-2.491217851638793945e-01
-4.682565852999687195e-02
-8.856721520423889160e-01
3.612219914793968201e-02
-8.114483207464218140e-02
-9.015018939971923828e-01
7.860691547393798828e-01
-7.933939695358276367e-01
8.116692900657653809e-01
8.959854245185852051e-01
-3.533647656440734863e-01
-4.800561070442199707e-02
9.005222916603088379e-01
7.127057760953903198e-02
1.716403514146804810e-01
5.325389653444290161e-02
2.713174186646938324e-02
1.967567950487136841e-01
1.038946807384490967e-01
9.556879997253417969e-01
-3.607618212699890137e-01
-2.455725148320198059e-02
9.773685336112976074e-01
-9.040981531143188477e-01
6.599340438842773438e-01
6.323771923780441284e-02
9.729321599006652832e-01
2.082535065710544586e-02
9.934393763542175293e-01
1.266795098781585693e-01
2.416326701641082764e-01
1.560603678226470947e-01
2.229329198598861694e-01
1.404461860656738281e-01
3.493256866931915283e-02
-9.649066925048828125e-01
-1.124426573514938354e-01
-3.109045326709747314e-02
-1.082345023751258850e-01
-9.572670459747314453e-01
3.110636472702026367e-01
-3.937941491603851318e-01
-1.775891333818435669e-01
-1.847634017467498779e-01
-9.674234986305236816e-01
9.715800732374191284e-02
3.204087018966674805e-01
4.475395381450653076e-01
4.218330383300781250e-01
-2.212168276309967041e-01
8.275727033615112305e-01
-4.203475117683410645e-01
-1.562715917825698853e-01
8.542560935020446777e-01
-9.983707070350646973e-01
-2.894117310643196106e-02
-1.044738888740539551e-01
-1.607734709978103638e-01
-4.152930974960327148e-01
8.993792533874511719e-01
4.439409077167510986e-01
-9.935061335563659668e-01
1.706588864326477051e-01
9.903409481048583984e-01
-7.811139822006225586e-01
1.657438129186630249e-01
-2.349284887313842773e-01
1.495271921157836914e-01
-2.787151746451854706e-02
-1.651244312524795532e-01
6.868302226066589355e-01
-9.998156428337097168e-01
9.574934095144271851e-02
-6.756206601858139038e-02
-2.539664208889007568e-01
-2.004410773515701294e-01
-1.560212224721908569e-01
8.422958254814147949e-01
-2.827028036117553711e-01
2.894351184368133545e-01
-7.654139995574951172e-01
-9.837576150894165039e-01
-2.347015291452407837e-01
9.950930476188659668e-01
4.265242516994476318e-01
8.489544391632080078e-01
2.415065020322799683e-01
-1.224309951066970825e-01
-8.553369641304016113e-01
9.250125288963317871e-01
4.361732006072998047e-01
-9.920348525047302246e-01
7.065910845994949341e-02
-9.986952543258666992e-01
2.587738037109375000e-01
1.189122721552848816e-01
-7.372380495071411133e-01
-3.758407831192016602e-01
-9.914804697036743164e-01
-2.334546744823455811e-01
8.976207375526428223e-01
-2.218573242425918579e-01
9.713287949562072754e-01
2.684302031993865967e-01
-9.846076965332031250e-01
-5.218413472175598145e-01
1.461170315742492676e-01
-1.272581964731216431e-01
-1.899097859859466553e-01
2.965273559093475342e-01
4.091591238975524902e-01
9.849940538406372070e-01
-9.997084736824035645e-01
-9.227223396301269531e-01
4.169951677322387695e-01
-9.654913544654846191e-01
1.249569803476333618e-01
3.598919138312339783e-02
1.272162944078445435e-01
-1.418678788468241692e-03
-9.870501756668090820e-01
1.055832952260971069e-01
2.708207964897155762e-01
-9.944933056831359863e-01
-8.895309567451477051e-01
-6.680235862731933594e-01
3.130739331245422363e-01
-1.462530046701431274e-01
2.063037827610969543e-02
9.008490294218063354e-02
-4.059841111302375793e-02
1.670437492430210114e-02
9.747251868247985840e-01
3.374839127063751221e-01
9.961300492286682129e-01
-4.631939902901649475e-02
-2.121713608503341675e-01
3.725647926330566406e-01
9.729095101356506348e-01
7.056325078010559082e-01
1.202370524406433105e-01
-9.997994899749755859e-01
2.660409808158874512e-01
8.785368204116821289e-01
9.934722185134887695e-01
8.638334870338439941e-01
9.979196786880493164e-01
-9.808543920516967773e-01
1.731053292751312256e-01
-1.889349077828228474e-03
-5.168080329895019531e-01
9.595888666808605194e-03
-1.074494272470474243e-01
4.458953142166137695e-01
-9.992660284042358398e-01
-9.899924993515014648e-01
-2.276707887649536133e-01
-9.895515441894531250e-01
9.140255451202392578e-01
2.586723864078521729e-01
1.238549649715423584e-01
3.096964657306671143e-01
5.118716955184936523e-01
1.756720989942550659e-01
-9.994375109672546387e-01
-9.959210753440856934e-01
-1.815200299024581909e-01
-4.360913038253784180e-01
1.833457052707672119e-01
-1.132725477218627930e-01
-9.990361928939819336e-01
-9.635258913040161133e-01
9.781349897384643555e-01
2.202370762825012207e-01
-3.213077783584594727e-01
-2.762607485055923462e-02
2.858057618141174316e-01
-9.106449484825134277e-01
9.992046356201171875e-01
1.911608427762985229e-01
-1.736602187156677246e-01
-4.507664442062377930e-01
1.490265596657991409e-02
8.764305710792541504e-02
-2.902493476867675781e-01
9.935936331748962402e-01
-9.968591332435607910e-01
1.595090180635452271e-01
5.716922879219055176e-02
-4.471623301506042480e-01
-3.658595681190490723e-01
