9.390912055969238281e-01
-2.135391086339950562e-01
-6.052001379430294037e-03
1.125583704560995102e-02
-1.820348352193832397e-01
8.818656206130981445e-01
9.952055215835571289e-01
-9.054839611053466797e-01
-3.455502986907958984e-01
-9.955816864967346191e-01
1.568055003881454468e-01
-9.815799593925476074e-01
-9.902876615524291992e-01
-6.537865400314331055e-01
-1.178667694330215454e-01
-4.675113037228584290e-02
1.981604695320129395e-01
1.581814885139465332e-01
-4.270766079425811768e-01
4.366029500961303711e-01
1.967239230871200562e-01
-3.017565608024597168e-01
-5.532676726579666138e-02
7.485514879226684570e-01
9.319882392883300781e-01
6.437961459159851074e-01
-3.027717471122741699e-01
-2.288099676370620728e-01
5.050400495529174805e-01
-1.565501093864440918e-01
9.497051835060119629e-01
-1.017358750104904175e-01
2.703321874141693115e-01
5.080412141978740692e-03
-8.846749663352966309e-01
-1.248516291379928589e-01
-3.368309931829571724e-03
-1.761248707771301270e-01
9.804406762123107910e-01
-2.161108702421188354e-01
-1.614660471677780151e-01
-3.427967429161071777e-02
-2.746471762657165527e-02
-9.716125130653381348e-01
-1.843750923871994019e-01
-9.450142085552215576e-02
-9.882926344871520996e-01
-1.116697564721107483e-01
3.889665007591247559e-01
-4.869486093521118164e-01
9.935473203659057617e-01
-1.760995984077453613e-01
9.811425805091857910e-01
-2.586762607097625732e-01
-1.764294058084487915e-01
3.595412373542785645e-01
3.026800230145454407e-02
-4.904686212539672852e-01
-9.998722672462463379e-01
-9.515650272369384766e-01
-3.414370818063616753e-03
3.837501630187034607e-02
7.640570402145385742e-01
1.302307397127151489e-01
8.770385757088661194e-03
-9.666949510574340820e-01
9.920352101325988770e-01
2.605308890342712402e-01
-4.379834234714508057e-01
9.489787817001342773e-01
9.638752341270446777e-01
9.957650899887084961e-01
-2.586129009723663330e-01
-4.129842519760131836e-01
-8.515874743461608887e-01
-1.559619791805744171e-02
3.206076025962829590e-01
9.151849150657653809e-01
1.162269562482833862e-01
4.667187482118606567e-02
-9.873741269111633301e-01
2.960919775068759918e-02
9.634652137756347656e-01
9.592805057764053345e-02
6.992690563201904297e-01
-7.267643213272094727e-01
-1.290194597095251083e-02
9.356930106878280640e-02
-2.690111696720123291e-01
2.558960616588592529e-01
-9.018036127090454102e-01
4.102279543876647949e-01
5.177693963050842285e-01
-8.819476366043090820e-01
-9.857265353202819824e-01
7.141471505165100098e-01
7.403891086578369141e-01
-2.493554502725601196e-01
-8.439903259277343750e-01
-8.734937757253646851e-02
-8.770962953567504883e-01
-9.879364371299743652e-01
-9.295477271080017090e-01
5.385295674204826355e-02
-2.028433531522750854e-01
-2.699312865734100342e-01
9.732173085212707520e-01
2.970748115330934525e-03
-2.773913145065307617e-01
-6.996181607246398926e-01
-9.496415406465530396e-02
-3.874891251325607300e-02
9.434089064598083496e-01
-8.820607662200927734e-01
-1.242007464170455933e-01
3.375176787376403809e-01
-5.328790545463562012e-01
9.755765795707702637e-01
5.952063947916030884e-02
9.961759448051452637e-01
-9.369036555290222168e-01
-1.923971176147460938e-01
-9.593148827552795410e-01
2.969719469547271729e-01
-2.498406320810317993e-01
-2.767732739448547363e-01
-5.308820009231567383e-01
-1.693908870220184326e-01
-1.510094553232192993e-01
-2.716376185417175293e-01
9.674606919288635254e-01
9.129866957664489746e-01
9.485728144645690918e-01
-5.673438310623168945e-02
4.139136075973510742e-01
-5.418795943260192871e-01
9.748122692108154297e-01
-9.647108316421508789e-01
-9.782289266586303711e-01
3.730486333370208740e-01
9.993409514427185059e-01
1.728291213512420654e-01
-4.746582210063934326e-01
4.055304452776908875e-02
-5.459096655249595642e-02
9.690690040588378906e-01
-8.799100518226623535e-01
9.826679825782775879e-01
-9.734591245651245117e-01
-3.028102815151214600e-01
-6.101751327514648438e-01
-7.725995779037475586e-02
9.708702564239501953e-01
-4.380567967891693115e-01
3.366153836250305176e-01
-1.566271632909774780e-01
7.267128229141235352e-01
5.248322486877441406e-01
3.372074067592620850e-01
9.575107693672180176e-02
-3.583570420742034912e-01
7.904549688100814819e-02
-1.762880831956863403e-01
-3.422357439994812012e-01
9.999952912330627441e-01
3.502485156059265137e-02
-5.350101590156555176e-01
-3.961532413959503174e-01
9.099156260490417480e-01
8.684291243553161621e-01
4.468534290790557861e-01
-8.702273964881896973e-01
-9.510664939880371094e-01
3.690721690654754639e-01
4.709080457687377930e-01
4.421948492527008057e-01
-1.568152606487274170e-01
3.257483616471290588e-02
9.844381809234619141e-01
8.713841438293457031e-01
9.213792085647583008e-01
-8.296001702547073364e-02
9.934229850769042969e-01
1.416945308446884155e-01
7.270199656486511230e-01
-5.912269353866577148e-01
-9.714799523353576660e-01
-7.208685278892517090e-01
4.383665919303894043e-01
5.181201696395874023e-01
9.622398614883422852e-01
-6.115480661392211914e-01
-5.708938091993331909e-02
-2.385549545288085938e-01
9.886171221733093262e-01
-1.814015954732894897e-01
-9.057943224906921387e-01
-7.846423387527465820e-01
-1.347795873880386353e-01
1.037893295288085938e-01
2.002212703227996826e-01
-3.622532188892364502e-01
-9.365085959434509277e-01
-7.121878117322921753e-02
-2.409919798374176025e-01
9.835153222084045410e-01
-2.707748115062713623e-01
9.285333752632141113e-01
9.958896040916442871e-01
-1.013338789343833923e-01
7.230941653251647949e-01
9.433627128601074219e-01
-8.616846799850463867e-02
1.319259107112884521e-01
9.405561685562133789e-01
-9.512143731117248535e-01
-8.344151973724365234e-01
5.077683925628662109e-01
2.703658640384674072e-01
2.323890775442123413e-01
-9.895229935646057129e-01
-6.052997112274169922e-01
-9.602488279342651367e-01
1.959503144025802612e-01
-3.323205709457397461e-01
1.334116309881210327e-01
-9.296082854270935059e-01
-1.190237849950790405e-01
-5.742159858345985413e-02
9.926823377609252930e-01
-8.640954643487930298e-02
1.665373593568801880e-01
-1.499014943838119507e-01
2.176298499107360840e-01
8.628342151641845703e-01
7.113242894411087036e-02
-6.933729052543640137e-01
-2.330582402646541595e-02
4.821334481239318848e-01
1.078129708766937256e-01
8.221885561943054199e-01
9.999390840530395508e-01
-7.002796977758407593e-02
9.847813844680786133e-01
-5.889097601175308228e-02
3.394942879676818848e-01
9.599816203117370605e-01
3.167610764503479004e-01
9.125277996063232422e-01
-2.404007911682128906e-01
4.401182755827903748e-03
-1.679890602827072144e-01
-5.770268663763999939e-02
3.364506363868713379e-01
9.992209076881408691e-01
-3.193254768848419189e-01
-1.072135791182518005e-01
-9.973376393318176270e-01
8.115822076797485352e-02
4.115566313266754150e-01
-6.814288496971130371e-01
-9.906677603721618652e-01
-4.772613346576690674e-01
-4.217087626457214355e-01
8.993861079216003418e-02
8.177316188812255859e-01
9.899895191192626953e-01
-4.500390291213989258e-01
2.639283239841461182e-01
-1.904044300317764282e-01
9.340679049491882324e-01
4.218610003590583801e-02
-9.613683223724365234e-01
9.995800852775573730e-01
-4.660255908966064453e-01
-9.422493577003479004e-01
8.115454316139221191e-01
1.704381406307220459e-01
-4.521970748901367188e-01
2.183696627616882324e-01
-9.445223212242126465e-01
-9.651771783828735352e-01
5.314726233482360840e-01
9.992263317108154297e-01
9.007000923156738281e-01
-1.708646714687347412e-01
3.622936010360717773e-01
2.380893081426620483e-01
-9.954255223274230957e-01
-9.853481054306030273e-01
-1.957326084375381470e-01
5.740852952003479004e-01
3.099020421504974365e-01
9.566363692283630371e-01
9.909759163856506348e-01
-9.881492257118225098e-01
-6.043927371501922607e-02
3.527849316596984863e-01
-1.892356276512145996e-01
9.958327412605285645e-01
9.996423721313476562e-01
-9.905957579612731934e-01
2.384674698114395142e-01
9.985206127166748047e-01
-4.294579327106475830e-01
7.201659679412841797e-02
-1.319677829742431641e-01
7.277582883834838867e-01
-8.693675994873046875e-01
2.943423986434936523e-01
1.100330576300621033e-01
-7.867059707641601562e-01
7.986289262771606445e-02
5.528451800346374512e-01
9.648259878158569336e-01
2.966292388737201691e-02
3.775033950805664062e-01
1.717607527971267700e-01
2.453759908676147461e-01
9.993802905082702637e-01
-2.355648428201675415e-01
-2.925131320953369141e-01
-7.846427150070667267e-03
-4.838926792144775391e-01
-1.385993808507919312e-01
-1.882216632366180420e-01
-6.587703227996826172e-01
6.735759973526000977e-01
-5.432301759719848633e-01
7.986180186271667480e-01
8.990963697433471680e-01
-4.317968487739562988e-01
-2.164488434791564941e-01
8.293689489364624023e-01
1.678065061569213867e-01
8.922076225280761719e-02
-2.087851986289024353e-02
-4.975993335247039795e-01
-1.032924875617027283e-01
1.620145291090011597e-01
8.838596343994140625e-01
-3.894695043563842773e-01
-2.281056642532348633e-01
9.720804691314697266e-01
-9.146274328231811523e-01
4.218299686908721924e-01
-1.570544391870498657e-02
9.920161366462707520e-01
2.326549217104911804e-02
9.910594224929809570e-01
1.158938258886337280e-01
2.324147224426269531e-01
4.967472255229949951e-01
2.181012481451034546e-01
1.697452217340469360e-01
-5.985287949442863464e-02
-9.464443325996398926e-01
-2.423883825540542603e-01
-2.263363599777221680e-01
-2.751456387341022491e-02
-9.693886041641235352e-01
1.138436049222946167e-01
-4.371249675750732422e-01
-2.253135591745376587e-01
-2.269523292779922485e-01
-9.619025588035583496e-01
-3.642174229025840759e-02
3.419507741928100586e-01
5.390476584434509277e-01
4.572999179363250732e-01
-2.382502257823944092e-01
7.852047085762023926e-01
-3.309331536293029785e-01
-1.904194504022598267e-01
7.617893218994140625e-01
-9.949706196784973145e-01
1.071583256125450134e-01
-1.027460396289825439e-01
-3.583667427301406860e-02
-3.903932571411132812e-01
6.398931741714477539e-01
3.949618339538574219e-01
-9.860143065452575684e-01
2.420770227909088135e-01
9.883581995964050293e-01
-6.124517321586608887e-01
2.938747107982635498e-01
-2.046362459659576416e-01
6.202515959739685059e-01
-1.513876020908355713e-01
-2.205437235534191132e-02
4.700072407722473145e-01
-9.980701208114624023e-01
2.879059910774230957e-01
-1.683972775936126709e-01
-1.882409900426864624e-01
-7.366240769624710083e-02
-2.277394533157348633e-01
8.313373923301696777e-01
-1.279461830854415894e-01
2.966378927230834961e-01
-6.883460283279418945e-01
-8.990409970283508301e-01
-2.115670591592788696e-01
9.829181432723999023e-01
-2.248953878879547119e-01
5.849877595901489258e-01
1.880017518997192383e-01
-4.003509134054183960e-02
-9.161152839660644531e-01
9.503161907196044922e-01
5.756422877311706543e-01
-9.913772344589233398e-01
1.575524210929870605e-01
-9.937652349472045898e-01
3.007318377494812012e-01
1.014161631464958191e-01
-7.897382378578186035e-01
-4.070937931537628174e-01
-9.902295470237731934e-01
-1.737733632326126099e-01
8.634541630744934082e-01
-4.340625181794166565e-02
9.714924097061157227e-01
2.892457842826843262e-01
-9.627736210823059082e-01
-6.135581135749816895e-01
8.854614198207855225e-02
-1.177921220660209656e-01
-5.844498798251152039e-02
3.044376969337463379e-01
-2.114913761615753174e-01
9.626855850219726562e-01
-9.961616396903991699e-01
-9.343661665916442871e-01
4.816262125968933105e-01
-9.341090321540832520e-01
1.697732955217361450e-01
5.811496078968048096e-02
1.362257301807403564e-01
8.703085035085678101e-02
-8.888307213783264160e-01
5.609444901347160339e-02
1.779094189405441284e-01
-9.700682759284973145e-01
-8.513258695602416992e-01
-8.842697739601135254e-01
3.648046851158142090e-01
-2.415638864040374756e-01
2.608073055744171143e-01
1.439535170793533325e-01
2.728581428527832031e-02
5.589131265878677368e-02
9.665533304214477539e-01
4.353900253772735596e-01
9.974418282508850098e-01
-6.742721796035766602e-02
-3.875410556793212891e-01
4.601596593856811523e-01
9.744176864624023438e-01
7.397735118865966797e-02
1.304143369197845459e-01
-9.997482895851135254e-01
3.902704119682312012e-01
6.557763814926147461e-01
9.584158062934875488e-01
6.921367049217224121e-01
9.975933432579040527e-01
-9.745799899101257324e-01
1.363798081874847412e-01
9.281684644520282745e-03
-5.392709374427795410e-01
1.118845641613006592e-01
-1.463403701782226562e-01
5.132523775100708008e-01
-9.987539649009704590e-01
-9.741334915161132812e-01
-2.807255685329437256e-01
-9.785441160202026367e-01
9.108061790466308594e-01
3.558988571166992188e-01
2.062646597623825073e-01
4.035816788673400879e-01
5.753759741783142090e-01
1.394897550344467163e-01
-9.978749752044677734e-01
-9.865303635597229004e-01
-3.791093230247497559e-01
-3.504602611064910889e-01
5.174536257982254028e-02
-2.952642142772674561e-01
-9.980850815773010254e-01
-8.145149350166320801e-01
9.388388395309448242e-01
2.730187475681304932e-01
-2.912787199020385742e-01
-3.251699730753898621e-03
4.219873547554016113e-01
-6.025426387786865234e-01
9.989474415779113770e-01
2.548973262310028076e-02
-2.278010994195938110e-01
-4.133687019348144531e-01
1.211147606372833252e-01
1.925902217626571655e-01
-2.222529351711273193e-01
9.561717510223388672e-01
-9.772653579711914062e-01
2.039407044649124146e-01
1.597056090831756592e-01
-3.973902165889739990e-01
-3.583246767520904541e-01
