9.657354950904846191e-01
-6.082581281661987305e-01
-1.397873312234878540e-01
-1.656712442636489868e-01
-4.244777560234069824e-01
9.242745637893676758e-01
9.954727292060852051e-01
-8.631454110145568848e-01
-2.365433275699615479e-01
-9.978053569793701172e-01
1.716238111257553101e-01
-9.806306362152099609e-01
-9.969499111175537109e-01
-6.530265808105468750e-01
-2.088832557201385498e-01
-2.560665905475616455e-01
6.362058967351913452e-02
9.813827276229858398e-02
-3.078482449054718018e-01
2.754758894443511963e-01
-6.624736124649643898e-04
-2.559711337089538574e-01
1.490460634231567383e-01
8.457556366920471191e-01
9.807776808738708496e-01
8.147901892662048340e-01
-2.272317111492156982e-01
-1.824569702148437500e-01
4.748773276805877686e-01
-2.570428550243377686e-01
9.409829974174499512e-01
-6.229495257139205933e-02
4.661257192492485046e-02
1.306027472019195557e-01
-9.533259272575378418e-01
-1.396010965108871460e-01
3.149550408124923706e-02
1.409728825092315674e-01
9.830618500709533691e-01
-4.532876610755920410e-02
-1.209517121315002441e-01
1.221941635012626648e-01
-1.945672743022441864e-02
-9.875250458717346191e-01
-2.159850895404815674e-01
-4.062075912952423096e-01
-9.932798147201538086e-01
-2.634124457836151123e-02
3.822880983352661133e-01
-3.234982192516326904e-01
9.832696318626403809e-01
-1.551271378993988037e-01
9.904342293739318848e-01
-1.579276323318481445e-01
-1.569833159446716309e-01
2.841728925704956055e-01
-2.236697636544704437e-02
-3.243643641471862793e-01
-9.999451041221618652e-01
-9.647406935691833496e-01
-5.339596536941826344e-04
-7.405103649944067001e-03
8.769409060478210449e-01
1.188184916973114014e-01
1.150030419230461121e-01
-9.897326827049255371e-01
9.932550787925720215e-01
3.760462105274200439e-01
-3.871937096118927002e-01
9.189846515655517578e-01
9.916016459465026855e-01
9.985071420669555664e-01
-2.906554639339447021e-01
-4.528760612010955811e-01
-7.536196708679199219e-01
-1.813277155160903931e-01
3.094107508659362793e-01
9.641137719154357910e-01
2.345385253429412842e-01
2.375665307044982910e-01
-9.951452016830444336e-01
1.939721703529357910e-01
9.789253473281860352e-01
-1.112972348928451538e-01
7.956487536430358887e-01
-7.073753476142883301e-01
4.653074219822883606e-02
-2.932567382231354713e-03
-6.502200663089752197e-02
2.195320874452590942e-01
-9.591054320335388184e-01
3.224593997001647949e-01
3.342838287353515625e-01
-9.097094535827636719e-01
-9.944143891334533691e-01
8.425545096397399902e-01
8.092734813690185547e-01
-1.137569397687911987e-01
-8.756433725357055664e-01
-2.747872658073902130e-02
-8.393098711967468262e-01
-9.836465716361999512e-01
-9.770836830139160156e-01
9.582372754812240601e-02
-1.025954708456993103e-01
-2.138624638319015503e-01
9.225529432296752930e-01
1.199742592871189117e-02
-1.493126451969146729e-01
-9.119664430618286133e-01
-9.878968447446823120e-02
-2.021088749170303345e-01
8.564296364784240723e-01
-9.465561509132385254e-01
6.887125968933105469e-02
2.332546412944793701e-01
-6.495939493179321289e-01
9.797489643096923828e-01
-1.294113546609878540e-01
9.940419197082519531e-01
-9.590781331062316895e-01
-4.770087823271751404e-02
-9.880191087722778320e-01
5.210129916667938232e-02
4.145342111587524414e-02
-2.178529947996139526e-01
-5.788170695304870605e-01
-3.365377709269523621e-02
8.718404918909072876e-02
-9.480030834674835205e-02
9.892820119857788086e-01
9.302836656570434570e-01
9.687706828117370605e-01
-1.415055394172668457e-01
2.557375133037567139e-01
-5.924445390701293945e-01
9.914711713790893555e-01
-9.845975637435913086e-01
-9.451801180839538574e-01
2.756254076957702637e-01
9.990277886390686035e-01
8.151243627071380615e-02
-2.335187792778015137e-01
1.621832698583602905e-01
-2.778020128607749939e-02
9.872257113456726074e-01
-9.115496873855590820e-01
9.939332604408264160e-01
-9.863364100456237793e-01
-2.891306579113006592e-01
-4.394917190074920654e-01
9.683460928499698639e-03
9.745088815689086914e-01
-4.880305007100105286e-02
9.378141909837722778e-02
2.111651562154293060e-02
8.192598819732666016e-01
5.434828400611877441e-01
2.688585519790649414e-01
2.561210468411445618e-02
-1.436396837234497070e-01
-2.321383804082870483e-01
-2.673776447772979736e-01
-1.829443871974945068e-01
9.999989271163940430e-01
1.479240506887435913e-01
-2.693202793598175049e-01
-1.780416667461395264e-01
9.414389133453369141e-01
8.982070088386535645e-01
3.051241934299468994e-01
-9.291307926177978516e-01
-9.604805111885070801e-01
4.715770184993743896e-01
6.476908326148986816e-01
1.523635685443878174e-01
1.046180203557014465e-01
-1.148412097245454788e-02
9.777504801750183105e-01
8.929995298385620117e-01
9.548523426055908203e-01
-8.724967017769813538e-03
9.915774464607238770e-01
3.717144727706909180e-01
5.432533621788024902e-01
-5.647391080856323242e-01
-9.885543584823608398e-01
-7.078948616981506348e-01
3.952665925025939941e-01
7.392064332962036133e-01
9.715374708175659180e-01
-5.739158391952514648e-01
1.439259946346282959e-02
-2.505446374416351318e-01
9.924026727676391602e-01
-6.792742013931274414e-02
-9.003720283508300781e-01
-8.838022947311401367e-01
4.791574925184249878e-02
2.619386613368988037e-01
2.652253806591033936e-01
-3.583378493785858154e-01
-9.613200426101684570e-01
-3.690180182456970215e-02
-3.638776540756225586e-01
9.954148530960083008e-01
1.428079754114151001e-01
9.731204509735107422e-01
9.968979954719543457e-01
-8.179747313261032104e-02
7.942940592765808105e-01
9.517090320587158203e-01
-2.441092282533645630e-01
1.011047288775444031e-01
9.698624610900878906e-01
-9.741988778114318848e-01
-8.761535286903381348e-01
4.073325693607330322e-01
2.531607747077941895e-01
3.627482354640960693e-01
-9.854719042778015137e-01
-4.979190826416015625e-01
-9.707396030426025391e-01
6.014397367835044861e-02
-4.235036373138427734e-01
-1.166838258504867554e-01
-9.796379804611206055e-01
-5.601295456290245056e-02
2.028612196445465088e-01
9.953804612159729004e-01
-1.437919288873672485e-01
2.208712548017501831e-01
2.215636149048805237e-02
8.741675317287445068e-02
9.464729428291320801e-01
9.570796042680740356e-02
-6.245318055152893066e-01
7.244607806205749512e-02
3.240763247013092041e-01
2.076958268880844116e-01
7.508988976478576660e-01
9.999489188194274902e-01
-2.138751298189163208e-01
9.939426779747009277e-01
-3.607818186283111572e-01
1.697749495506286621e-01
9.749023914337158203e-01
2.025559395551681519e-01
9.471296072006225586e-01
-2.992739975452423096e-01
4.586412757635116577e-02
-3.716569393873214722e-02
-1.821633055806159973e-02
1.500095874071121216e-01
9.997939467430114746e-01
-1.501688361167907715e-01
1.868529766798019409e-01
-9.913299679756164551e-01
2.136950343847274780e-01
4.238685667514801025e-01
-6.119847297668457031e-01
-9.931108951568603516e-01
-2.922281324863433838e-01
-2.928718328475952148e-01
6.388643383979797363e-02
8.723503351211547852e-01
9.952698945999145508e-01
-4.806076288223266602e-01
4.194079041481018066e-01
-3.167546093463897705e-01
9.264446496963500977e-01
2.470286563038825989e-02
-9.823344945907592773e-01
9.999324083328247070e-01
-2.694111168384552002e-01
-9.433560967445373535e-01
8.777329325675964355e-01
1.163163930177688599e-01
-4.742702245712280273e-01
7.909108698368072510e-02
-9.122473001480102539e-01
-9.879207611083984375e-01
5.229848623275756836e-01
9.997311234474182129e-01
8.418185710906982422e-01
-1.279046088457107544e-01
2.448340505361557007e-01
1.142724752426147461e-01
-9.976601004600524902e-01
-9.890576601028442383e-01
-3.804807066917419434e-01
3.627699017524719238e-01
2.827079594135284424e-01
9.732637405395507812e-01
9.904397130012512207e-01
-9.918634891510009766e-01
1.059405580163002014e-01
5.419234037399291992e-01
-1.045511439442634583e-01
9.983875751495361328e-01
9.992966055870056152e-01
-9.921149611473083496e-01
7.605180889368057251e-02
9.994460344314575195e-01
-3.340094983577728271e-01
7.265070825815200806e-02
-4.157600924372673035e-02
8.928375244140625000e-01
-9.385862946510314941e-01
2.236262708902359009e-01
1.302311718463897705e-01
-6.055079102516174316e-01
3.634477779269218445e-02
4.703928530216217041e-01
9.517847299575805664e-01
2.084420472383499146e-01
1.300203502178192139e-01
2.501896023750305176e-02
-2.236285060644149780e-02
9.993476271629333496e-01
-2.971606552600860596e-01
-1.275317221879959106e-01
-8.582357317209243774e-02
-7.435720562934875488e-01
-5.388033110648393631e-03
2.225827239453792572e-02
-6.096436977386474609e-01
8.477758169174194336e-01
-6.266949176788330078e-01
8.627763390541076660e-01
8.484687805175781250e-01
-3.592928349971771240e-01
-1.767363697290420532e-01
8.206871151924133301e-01
4.610934481024742126e-02
-1.892095059156417847e-02
8.365905378013849258e-04
-3.855670988559722900e-01
1.376541554927825928e-01
8.953310549259185791e-02
9.399496316909790039e-01
-2.342125624418258667e-01
-1.713111251592636108e-01
9.844589233398437500e-01
-8.530780673027038574e-01
5.284493565559387207e-01
2.808287441730499268e-01
9.933311939239501953e-01
9.190497547388076782e-02
9.917057156562805176e-01
1.102411448955535889e-01
1.151186302304267883e-01
4.299240112304687500e-01
2.441266477108001709e-01
1.273890882730484009e-01
8.296643197536468506e-02
-9.561982750892639160e-01
-7.565613836050033569e-02
-2.447477355599403381e-02
1.278740540146827698e-02
-9.811531305313110352e-01
2.056624293327331543e-01
-1.768966615200042725e-01
-2.247037887573242188e-01
-1.440291255712509155e-01
-9.732212424278259277e-01
4.869585484266281128e-02
4.156383574008941650e-01
3.758882582187652588e-01
1.463391333818435669e-01
4.204287659376859665e-03
8.000131845474243164e-01
-2.190173268318176270e-01
-1.101159304380416870e-01
8.235934376716613770e-01
-9.975897669792175293e-01
8.624808490276336670e-02
-2.188980281352996826e-01
-1.350887678563594818e-02
-3.191976845264434814e-01
8.029915094375610352e-01
1.162399798631668091e-01
-9.887416958808898926e-01
1.238357722759246826e-01
9.887796640396118164e-01
-4.748588204383850098e-01
-2.934690378606319427e-02
-1.256871223449707031e-01
2.425031512975692749e-01
-5.332574620842933655e-02
-6.246482580900192261e-02
4.793563783168792725e-01
-9.996808171272277832e-01
8.986086398363113403e-02
-7.970804721117019653e-02
-1.298697143793106079e-01
-8.767733722925186157e-02
-1.046386361122131348e-01
8.633728027343750000e-01
-2.283042967319488525e-01
1.477739214897155762e-01
-7.960456609725952148e-01
-9.587916135787963867e-01
-1.037066206336021423e-01
9.931093454360961914e-01
3.699815832078456879e-03
6.840840578079223633e-01
2.036460489034652710e-01
-1.747921295464038849e-02
-8.370454907417297363e-01
9.448564052581787109e-01
6.218302249908447266e-01
-9.939380288124084473e-01
4.665908589959144592e-02
-9.975876212120056152e-01
2.425503432750701904e-01
5.428855773061513901e-03
-8.089936375617980957e-01
-2.929254174232482910e-01
-9.917612671852111816e-01
-6.310120224952697754e-02
9.332923889160156250e-01
3.669892624020576477e-02
9.434450268745422363e-01
2.042176574468612671e-01
-9.458492994308471680e-01
-3.714852035045623779e-01
-1.083623152226209641e-03
-9.196945279836654663e-02
-2.793568968772888184e-01
7.501386851072311401e-02
-7.281215488910675049e-02
9.777289628982543945e-01
-9.991971254348754883e-01
-8.866887688636779785e-01
3.745999038219451904e-01
-9.437260031700134277e-01
2.441759221255779266e-03
-2.310643671080470085e-03
1.165805459022521973e-01
-1.674493215978145599e-02
-9.137045741081237793e-01
2.273471206426620483e-01
1.248397529125213623e-01
-9.643192291259765625e-01
-8.923727869987487793e-01
-8.438112139701843262e-01
3.722204864025115967e-01
1.009268015623092651e-01
1.465715020895004272e-01
4.825706034898757935e-02
6.125962734222412109e-02
9.737476706504821777e-02
9.831699132919311523e-01
2.358817756175994873e-01
9.966602325439453125e-01
3.579546883702278137e-02
-3.321391642093658447e-01
3.096438348293304443e-01
9.727016687393188477e-01
7.484716176986694336e-02
-6.200349424034357071e-03
-9.997091293334960938e-01
1.157571896910667419e-01
7.436009645462036133e-01
9.891872406005859375e-01
7.170968055725097656e-01
9.973190426826477051e-01
-9.859958887100219727e-01
2.084628641605377197e-01
-3.473120555281639099e-02
-5.185662508010864258e-01
1.965081244707107544e-01
-5.287498608231544495e-02
3.184670805931091309e-01
-9.992220401763916016e-01
-9.929878115653991699e-01
-1.778657734394073486e-01
-9.835172891616821289e-01
9.045930504798889160e-01
1.424665451049804688e-01
5.881856009364128113e-02
8.308825641870498657e-02
3.851739466190338135e-01
1.073195561766624451e-01
-9.992032051086425781e-01
-9.867371320724487305e-01
-3.170590102672576904e-01
-3.242841660976409912e-01
1.801251918077468872e-01
-1.537879705429077148e-01
-9.989995360374450684e-01
-9.388901591300964355e-01
9.740283489227294922e-01
3.084611594676971436e-01
-1.450348198413848877e-01
-5.975264683365821838e-02
3.528577387332916260e-01
-7.373968362808227539e-01
9.994702339172363281e-01
6.120789796113967896e-02
-2.084697932004928589e-01
-3.689051270484924316e-01
-1.381919234991073608e-01
-5.221070349216461182e-02
-3.770492076873779297e-01
9.759964346885681152e-01
-9.862856268882751465e-01
5.081489682197570801e-02
8.795022219419479370e-02
-2.840791642665863037e-01
-8.640906214714050293e-02
