9.415795803070068359e-01
-2.130477130413055420e-01
-5.326808430254459381e-03
4.343909211456775665e-03
-1.778371185064315796e-01
8.855601549148559570e-01
9.950897693634033203e-01
-9.064936041831970215e-01
-3.410436809062957764e-01
-9.957647919654846191e-01
1.693920493125915527e-01
-9.816434383392333984e-01
-9.905768036842346191e-01
-6.459661722183227539e-01
-1.081697419285774231e-01
-5.447058379650115967e-02
1.926320791244506836e-01
1.542756259441375732e-01
-4.163444042205810547e-01
4.309535920619964600e-01
1.936825662851333618e-01
-2.960112988948822021e-01
-5.540514737367630005e-02
7.519327998161315918e-01
9.351246356964111328e-01
6.426597833633422852e-01
-2.990638911724090576e-01
-2.320289760828018188e-01
4.986260235309600830e-01
-1.663101017475128174e-01
9.431266784667968750e-01
-9.981212019920349121e-02
2.596696615219116211e-01
1.210564840584993362e-02
-8.863112926483154297e-01
-1.269633173942565918e-01
-8.375320583581924438e-03
-1.675289571285247803e-01
9.801275730133056641e-01
-2.099610716104507446e-01
-1.551988869905471802e-01
-2.455703355371952057e-02
-2.004369720816612244e-02
-9.720212221145629883e-01
-1.834164261817932129e-01
-1.013674959540367126e-01
-9.887155294418334961e-01
-1.045822724699974060e-01
3.932687044143676758e-01
-4.857013523578643799e-01
9.935396313667297363e-01
-1.752596050500869751e-01
9.801813960075378418e-01
-2.515743374824523926e-01
-1.771622896194458008e-01
3.563375174999237061e-01
3.237964585423469543e-02
-4.772891104221343994e-01
-9.998449087142944336e-01
-9.507926106452941895e-01
-9.510839008726179600e-04
3.508789092302322388e-02
7.692869305610656738e-01
1.286224573850631714e-01
1.618913188576698303e-02
-9.679648280143737793e-01
9.922081232070922852e-01
2.659461200237274170e-01
-4.416894018650054932e-01
9.487496018409729004e-01
9.649308919906616211e-01
9.957963824272155762e-01
-2.597234249114990234e-01
-4.192395508289337158e-01
-8.503636121749877930e-01
-3.150048479437828064e-02
3.182796537876129150e-01
9.176672697067260742e-01
1.148731261491775513e-01
5.269760265946388245e-02
-9.879320263862609863e-01
3.089921921491622925e-02
9.644033908843994141e-01
9.202940762042999268e-02
6.980473399162292480e-01
-7.257110476493835449e-01
-6.168334744870662689e-03
8.935221284627914429e-02
-2.644094526767730713e-01
2.571765780448913574e-01
-9.027352929115295410e-01
4.005111753940582275e-01
5.151885747909545898e-01
-8.847416639328002930e-01
-9.860910177230834961e-01
7.167464494705200195e-01
7.372372746467590332e-01
-2.475968897342681885e-01
-8.455232977867126465e-01
-9.393243491649627686e-02
-8.652713298797607422e-01
-9.867246150970458984e-01
-9.306172728538513184e-01
5.255757644772529602e-02
-2.030992805957794189e-01
-2.680350840091705322e-01
9.687386155128479004e-01
-1.187518122605979443e-03
-2.735658288002014160e-01
-7.081945538520812988e-01
-9.385421872138977051e-02
-3.746766597032546997e-02
9.448577761650085449e-01
-8.823040127754211426e-01
-1.203957200050354004e-01
3.313465118408203125e-01
-5.328322649002075195e-01
9.692769050598144531e-01
5.106407403945922852e-02
9.961738586425781250e-01
-9.389361739158630371e-01
-1.837484091520309448e-01
-9.611459374427795410e-01
2.635607421398162842e-01
-2.424492686986923218e-01
-2.703032493591308594e-01
-5.442409515380859375e-01
-1.604869961738586426e-01
-1.411750167608261108e-01
-2.648502886295318604e-01
9.678207039833068848e-01
9.150933623313903809e-01
9.502184391021728516e-01
-5.230905115604400635e-02
4.085967540740966797e-01
-5.512916445732116699e-01
9.751925468444824219e-01
-9.642637372016906738e-01
-9.765644669532775879e-01
3.667612671852111816e-01
9.993216991424560547e-01
1.707592904567718506e-01
-4.661060869693756104e-01
3.867531940340995789e-02
-4.662006348371505737e-02
9.701704978942871094e-01
-8.785216212272644043e-01
9.828599691390991211e-01
-9.743819236755371094e-01
-2.988050580024719238e-01
-6.027207374572753906e-01
-7.753131538629531860e-02
9.713391065597534180e-01
-4.308324456214904785e-01
3.300310671329498291e-01
-1.581780314445495605e-01
7.338415980339050293e-01
5.084720253944396973e-01
3.335154950618743896e-01
8.881558477878570557e-02
-3.478493392467498779e-01
7.817074656486511230e-02
-1.764663606882095337e-01
-3.363588154315948486e-01
9.999806880950927734e-01
4.094563797116279602e-02
-5.235296487808227539e-01
-3.858056962490081787e-01
9.094029664993286133e-01
8.703524470329284668e-01
4.476815462112426758e-01
-8.750498294830322266e-01
-9.466991424560546875e-01
3.799527585506439209e-01
4.721815288066864014e-01
4.342257082462310791e-01
-1.558735519647598267e-01
2.755066007375717163e-02
9.851084947586059570e-01
8.699263334274291992e-01
9.203864932060241699e-01
-8.619222044944763184e-02
9.936583638191223145e-01
1.543657779693603516e-01
7.182415723800659180e-01
-5.922643542289733887e-01
-9.723655581474304199e-01
-7.257662415504455566e-01
4.381033778190612793e-01
5.299947857856750488e-01
9.601542949676513672e-01
-6.124378442764282227e-01
-5.176160484552383423e-02
-2.363820374011993408e-01
9.889628887176513672e-01
-1.788103282451629639e-01
-9.010474085807800293e-01
-7.868385910987854004e-01
-1.147834137082099915e-01
1.017894148826599121e-01
2.007326334714889526e-01
-3.579264879226684570e-01
-9.365398287773132324e-01
-6.661806255578994751e-02
-2.485696375370025635e-01
9.836949706077575684e-01
-2.617353498935699463e-01
9.305489659309387207e-01
9.958457350730895996e-01
-1.029265001416206360e-01
7.299613952636718750e-01
9.448056221008300781e-01
-9.390161186456680298e-02
1.363924890756607056e-01
9.399657845497131348e-01
-9.487164020538330078e-01
-8.372056484222412109e-01
5.137642621994018555e-01
2.650369703769683838e-01
2.389235198497772217e-01
-9.898650646209716797e-01
-5.980120897293090820e-01
-9.598788619041442871e-01
1.919918209314346313e-01
-3.358875513076782227e-01
1.323408931493759155e-01
-9.319213032722473145e-01
-1.106103509664535522e-01
-5.594332888722419739e-02
9.928613901138305664e-01
-8.639498054981231689e-02
1.660867035388946533e-01
-1.445662677288055420e-01
2.119993716478347778e-01
8.665670752525329590e-01
7.218083739280700684e-02
-7.042716741561889648e-01
-2.548489719629287720e-02
4.767137169837951660e-01
1.004572063684463501e-01
8.184704184532165527e-01
9.999139308929443359e-01
-7.237676531076431274e-02
9.851407408714294434e-01
-6.760347634553909302e-02
3.339384198188781738e-01
9.614839553833007812e-01
3.144704401493072510e-01
9.162476658821105957e-01
-2.407683879137039185e-01
6.433831527829170227e-03
-1.637358665466308594e-01
-5.896858125925064087e-02
3.276846706867218018e-01
9.992290735244750977e-01
-3.178225159645080566e-01
-8.955689519643783569e-02
-9.972817301750183105e-01
9.243628382682800293e-02
4.219456911087036133e-01
-6.787462234497070312e-01
-9.905983209609985352e-01
-4.676878750324249268e-01
-4.175512194633483887e-01
9.016254544258117676e-02
8.210052251815795898e-01
9.903988838195800781e-01
-4.368006289005279541e-01
2.669313549995422363e-01
-1.941652894020080566e-01
9.346185922622680664e-01
3.554360568523406982e-02
-9.627025723457336426e-01
9.995425343513488770e-01
-4.625216424465179443e-01
-9.404203295707702637e-01
8.155660033226013184e-01
1.728132963180541992e-01
-4.692799448966979980e-01
2.140476703643798828e-01
-9.429870843887329102e-01
-9.665213823318481445e-01
5.261844396591186523e-01
9.992009997367858887e-01
8.997275829315185547e-01
-1.710313707590103149e-01
3.579522967338562012e-01
2.326060384511947632e-01
-9.955224990844726562e-01
-9.860275983810424805e-01
-1.832704246044158936e-01
5.655815005302429199e-01
3.088498711585998535e-01
9.578264355659484863e-01
9.906904101371765137e-01
-9.879361391067504883e-01
-5.599325522780418396e-02
3.696977198123931885e-01
-1.913898885250091553e-01
9.959399700164794922e-01
9.995951652526855469e-01
-9.897469878196716309e-01
2.409904748201370239e-01
9.985546469688415527e-01
-4.244373738765716553e-01
7.648663967847824097e-02
-1.270772665739059448e-01
7.345933318138122559e-01
-8.708517551422119141e-01
2.976038157939910889e-01
1.149979680776596069e-01
-7.834857702255249023e-01
7.949087768793106079e-02
5.329771041870117188e-01
9.655368328094482422e-01
3.638791292905807495e-02
3.708971738815307617e-01
1.643505245447158813e-01
2.420216500759124756e-01
9.992817640304565430e-01
-2.298907935619354248e-01
-3.091130852699279785e-01
-1.054956298321485519e-02
-4.975897967815399170e-01
-1.333984136581420898e-01
-1.849651932716369629e-01
-6.651095747947692871e-01
6.699388623237609863e-01
-5.433276295661926270e-01
7.895855307579040527e-01
8.967370986938476562e-01
-4.301880896091461182e-01
-2.185207158327102661e-01
8.336888551712036133e-01
1.622656583786010742e-01
8.537530899047851562e-02
-1.635817065834999084e-02
-5.102935433387756348e-01
-9.902455657720565796e-02
1.573988497257232666e-01
8.866636157035827637e-01
-3.856710791587829590e-01
-2.191985547542572021e-01
9.730299115180969238e-01
-9.119850993156433105e-01
4.443291425704956055e-01
-1.385779865086078644e-02
9.915443062782287598e-01
2.493020519614219666e-02
9.911143183708190918e-01
1.234558895230293274e-01
2.217335551977157593e-01
4.832785427570343018e-01
2.156829833984375000e-01
1.629826724529266357e-01
-5.284371599555015564e-02
-9.481028318405151367e-01
-2.358007133007049561e-01
-2.205107808113098145e-01
-2.747973240911960602e-02
-9.700708985328674316e-01
1.227625012397766113e-01
-4.330411255359649658e-01
-2.158465534448623657e-01
-2.199290841817855835e-01
-9.627959132194519043e-01
-2.732321806252002716e-02
3.398848474025726318e-01
5.292699337005615234e-01
4.497031867504119873e-01
-2.281140238046646118e-01
7.927345633506774902e-01
-3.273065388202667236e-01
-1.904500871896743774e-01
7.647663354873657227e-01
-9.949482083320617676e-01
1.097607910633087158e-01
-1.019270345568656921e-01
-4.101062566041946411e-02
-3.899006545543670654e-01
6.451964974403381348e-01
3.891083002090454102e-01
-9.865723252296447754e-01
2.378263175487518311e-01
9.882832765579223633e-01
-6.261178255081176758e-01
2.860924899578094482e-01
-1.939633637666702271e-01
6.176291704177856445e-01
-1.400717198848724365e-01
-2.418681047856807709e-02
4.750165045261383057e-01
-9.981325864791870117e-01
2.790218591690063477e-01
-1.692025661468505859e-01
-1.822577118873596191e-01
-8.104063570499420166e-02
-2.233842164278030396e-01
8.289762139320373535e-01
-1.329978853464126587e-01
2.975104153156280518e-01
-6.896281242370605469e-01
-9.026824831962585449e-01
-2.029259949922561646e-01
9.834885597229003906e-01
-1.991847455501556396e-01
5.952668786048889160e-01
1.836944818496704102e-01
-3.988444432616233826e-02
-9.106587171554565430e-01
9.492540359497070312e-01
5.754553675651550293e-01
-9.916933774948120117e-01
1.544547080993652344e-01
-9.937569499015808105e-01
2.976507246494293213e-01
9.459638595581054688e-02
-7.895056009292602539e-01
-4.064756631851196289e-01
-9.905259013175964355e-01
-1.720204651355743408e-01
8.662004470825195312e-01
-4.920645803213119507e-02
9.716737866401672363e-01
2.834381759166717529e-01
-9.643956422805786133e-01
-6.015323400497436523e-01
8.012254536151885986e-02
-1.175057366490364075e-01
-5.930468812584877014e-02
2.994954586029052734e-01
-1.904433965682983398e-01
9.638643264770507812e-01
-9.962624907493591309e-01
-9.335143566131591797e-01
4.711654186248779297e-01
-9.361125826835632324e-01
1.715133935213088989e-01
5.425189435482025146e-02
1.287839114665985107e-01
8.341608941555023193e-02
-8.895438313484191895e-01
4.107748717069625854e-02
1.764775961637496948e-01
-9.711887240409851074e-01
-8.525825142860412598e-01
-8.790440559387207031e-01
3.711266517639160156e-01
-2.388086467981338501e-01
2.538928091526031494e-01
1.503331512212753296e-01
3.071949072182178497e-02
5.574361607432365417e-02
9.677814841270446777e-01
4.360168278217315674e-01
9.974077343940734863e-01
-6.662822514772415161e-02
-3.809009790420532227e-01
4.510971605777740479e-01
9.740582108497619629e-01
8.933344483375549316e-02
1.268923729658126831e-01
-9.997264146804809570e-01
3.843553960323333740e-01
6.566625237464904785e-01
9.594593644142150879e-01
6.831834316253662109e-01
9.975333809852600098e-01
-9.743088483810424805e-01
1.414323747158050537e-01
-7.176252547651529312e-04
-5.450815558433532715e-01
1.130044534802436829e-01
-1.427832096815109253e-01
5.046230554580688477e-01
-9.987698197364807129e-01
-9.748005270957946777e-01
-2.767721414566040039e-01
-9.790729880332946777e-01
9.103102087974548340e-01
3.467169702053070068e-01
2.038359344005584717e-01
3.916713595390319824e-01
5.633775591850280762e-01
1.395003348588943481e-01
-9.978867173194885254e-01
-9.864843487739562988e-01
-3.755556046962738037e-01
-3.492878675460815430e-01
6.325682997703552246e-02
-2.898189425468444824e-01
-9.981497526168823242e-01
-8.146600127220153809e-01
9.403969645500183105e-01
2.736199498176574707e-01
-2.788100838661193848e-01
-1.097505167126655579e-02
4.230406582355499268e-01
-6.125872135162353516e-01
9.989594221115112305e-01
4.002296924591064453e-02
-2.283840328454971313e-01
-4.142375886440277100e-01
1.112274527549743652e-01
1.887430399656295776e-01
-2.119784504175186157e-01
9.557421207427978516e-01
-9.770284891128540039e-01
1.973132938146591187e-01
1.554906666278839111e-01
-3.866438269615173340e-01
-3.523848950862884521e-01
